19,21,19,35,20,31,37,40,32,31,28,37,47,38,40,43,31,16,43,12,28,11,23,63,37,3,38,28,33,30,46,40,24,69,40,31,35,43,35,61,33,13,54,49,75,60,16,40,50,42,27,2,2,57,25,35,49,71,72,65,75,43,38,72,67,38,28,65,83,62,39,60,78,42,48,65,71,35,29,72,72,43,59,58,50,43,64,67,65,41,40,40,35,50,45,39,42,52,16,75,51,76,39,39,43,32,64,47,70,69,76,31,25,29,74,30,34,20,63,39,41,38,45,35,11,31,40,39,68,37,12,14,56,21,5,72,69,40,41,55,49,69,76,74,38,38,40,41,34,43,47,15,4,74,57,32,60,56,62,73,38,40,24,11,7,24,51,36,31,18,70,56,38,15,49,15,3,18,18,62,23,8,9,20,32,31,37,26,12,39,10,24,3,14,66,43,24,36,34,8,40,66,44,31,3,33,10,24,40,21,58,29,9,23,50,48,19,28,22,53,28,49,8,23,38,15,26,11,11,7,31,27,2,45,28,35,10,25,9,42,33,9,10,16,17,36,8,32,27,29,31,29,32,17,32,26,33,32,13,26,28,12,24,18,23,25,23,19,16,22,8,17,8,38,42,35,34,60,21,13,15,60,67,48,69,69,44,
11,14,15,14,10,13,13,8,4,10,8,11,5,6,18,18,12,11,9,18,14,10,11,3,8,5,13,15,13,9,9,12,5,5,7,11,10,14,13,9,16,11,11,12,8,7,16,10,9,11,13,11,13,14,13,11,13,17,5,11,5,4,13,6,9,12,9,3,16,13,13,6,2,6,17,12,12,13,15,8,3,15,12,11,16,8,5,9,13,14,10,8,17,10,11,9,11,10,9,4,11,13,16,17,13,12,12,10,21,13,9,13,3,10,22,19,19,12,13,14,15,18,15,10,9,8,2,10,9,14,8,9,7,21,23,20,11,13,16,20,6,14,9,9,18,10,9,16,12,18,19,16,6,6,10,11,6,9,7,7,11,21,9,14,7,8,19,6,17,12,14,10,8,6,5,20,3,6,7,14,8,2,17,18,2,12,4,13,3,7,14,10,8,17,4,9,7,8,11,9,10,9,10,9,12,4,4,10,11,10,10,11,19,12,14,11,14,4,9,9,11,8,6,8,5,10,5,11,11,11,6,9,6,12,10,6,6,10,6,9,12,10,6,9,13,6,9,11,11,12,3,4,8,6,6,13,11,5,8,14,10,11,8,13,16,12,5,12,17,4,13,13,14,
9,12,17,6,11,4,13,13,7,10,10,12,11,5,5,10,11,10,6,8,6,15,12,4,7,5,7,16,4,6,18,9,23,6,3,8,10,16,7,7,7,12,13,19,8,13,11,8,11,7,9,9,23,5,3,16,18,6,9,11,5,8,15,5,7,10,4,8,19,7,10,10,3,6,11,1,21,15,6,11,18,4,5,7,18,6,17,6,6,8,3,5,17,6,14,2,3,2,14,16,14,12,10,15,8,16,3,8,10,2,14,6,14,10,2,10,12,5,7,4,4,16,7,5,5,5,11,6,14,8,9,11,8,17,10,8,7,10,11,6,9,8,4,13,9,18,15,11,11,10,9,9,11,10,10,7,7,4,10,12,11,9,11,8,12,11,11,9,12,13,13,5,10,13,9,13,9,11,15,10,12,10,14,12,11,8,10,15,6,8,12,8,10,5,15,12,10,12,13,4,10,12,13,13,9,
3,3,4,6,4,3,6,6,8,14,10,4,8,7,5,9,7,15,7,11,11,10,6,4,7,4,3,15,3,20,3,4,19,14,8,14,19,4,12,4,22,31,4,5,21,23,30,32,6,38,30,17,31,20,29,45,9,29,39,35,28,38,38,31,15,24,30,25,14,28,24,33,27,44,5,38,43,21,38,21,33,16,29,7,38,31,26,12,31,30,30,29,18,30,37,32,30,25,17,16,21,17,24,34,43,34,6,25,8,12,9,35,29,33,41,26,31,42,26,4,13,25,28,20,34,18,15,37,6,3,28,14,7,26,27,32,22,31,27,25,29,4,8,25,8,31,36,28,23,7,2,1,27,22,26,27,7,34,30,27,26,4,30,26,24,5,6,19,22,4,17,24,6,14,9,15,7,15,17,15,9,4,9,19,
33,25,34,39,23,28,45,49,16,50,29,50,52,50,53,52,23,19,28,16,20,30,59,50,59,58,36,72,65,43,55,40,67,58,45,67,58,63,68,57,65,75,49,33,79,32,65,62,59,59,69,49,76,50,69,73,19,56,70,76,67,63,50,68,24,47,43,73,60,67,69,24,61,67,75,48,44,55,27,58,62,57,21,58,47,62,44,71,54,47,41,54,22,67,62,57,63,50,55,36,53,58,22,22,18,11,43,40,60,30,59,38,13,58,18,18,35,51,31,20,26,44,17,33,11,8,39,11,14,52,42,32,31,20,48,18,14,7,19,10,8,24,19,29,14,34,24,31,17,12,14,24,15,17,26,17,22,16,19,2,1,24,8,14,17,16,12,15,10,13,5,28,62,40,43,41,73,44,66,73,53,74,35,43,38,42,32,27,28,
4,3,6,8,8,5,9,6,9,5,7,8,8,2,5,12,9,7,10,11,12,14,14,12,2,15,14,12,7,19,3,16,18,18,19,17,19,18,18,16,23,19,13,9,3,15,22,2,2,21,5,20,5,20,5,18,20,9,18,17,4,19,7,15,5,18,6,17,2,15,17,7,14,6,11,8,13,7,9,7,4,10,10,6,10,10,9,9,7,6,4,5,2,10,11,4,10,5,8,5,12,1,6,2,6,12,3,10,5,7,10,4,10,7,10,6,7,9,9,3,9,5,10,9,8,10,8,3,13,10,8,13,3,13,7,8,10,13,9,12,11,6,10,2,5,3,6,8,10,8,
18,4,7,12,2,7,9,7,18,12,9,6,5,12,1,15,8,4,19,12,16,11,4,5,16,5,8,4,6,6,4,18,9,17,3,14,7,2,3,12,3,10,11,9,2,2,15,14,8,14,1,5,7,3,5,8,7,6,6,12,13,11,2,3,2,4,3,5,7,6,2,8,7,5,3,6,5,6,5,10,4,9,11,11,5,11,7,7,6,8,4,11,10,11,9,10,10,5,6,7,10,7,10,2,10,8,1,3,1,10,4,6,10,9,4,9,9,11,8,10,8,8,8,7,7,10,8,11,12,10,8,6,12,11,11,7,7,10,3,9,11,13,9,9,7,13,7,8,6,9,15,5,16,9,15,15,7,9,14,7,10,15,4,4,
6,2,11,10,14,14,15,13,4,15,11,20,16,23,13,25,17,15,7,24,15,21,22,10,22,30,16,13,21,29,18,24,21,18,29,13,26,16,24,34,20,9,19,25,23,9,28,32,14,30,23,14,31,28,28,23,22,31,25,31,17,20,14,5,8,26,13,26,5,19,16,10,23,30,26,27,17,16,3,18,7,5,10,26,19,25,18,5,26,20,26,16,17,8,21,13,15,2,7,19,16,16,20,16,9,14,5,12,20,10,5,12,6,2,16,12,11,10,9,5,5,4,5,15,5,10,5,6,3,14,7,9,6,3,4,5,14,8,17,21,7,23,22,9,19,19,24,16,19,19,29,
1,6,7,10,20,10,9,10,19,22,21,24,26,10,27,27,22,23,26,10,14,10,25,21,16,24,22,16,8,12,19,9,29,8,32,28,2,33,17,24,12,32,22,23,27,16,11,24,33,24,32,29,24,30,7,10,16,25,31,28,16,18,11,22,7,3,15,10,15,6,10,1,4,9,9,3,21,26,25,24,3,20,20,15,12,18,7,6,9,19,17,21,20,12,7,2,10,11,11,4,12,10,17,18,11,13,11,16,5,5,10,18,9,12,11,7,8,13,13,5,10,10,9,4,6,6,3,5,12,8,3,8,10,12,9,5,10,2,2,4,6,24,
9,8,3,8,9,8,9,11,11,10,12,9,16,7,10,10,7,7,7,7,10,7,20,8,10,7,10,10,25,23,24,11,9,8,10,25,23,24,7,14,11,9,15,6,10,25,11,17,15,24,1,14,11,25,24,5,18,17,19,18,25,11,18,20,24,25,17,10,14,12,27,14,21,24,9,1,5,4,18,24,26,10,9,14,3,2,24,27,14,15,18,5,6,21,12,22,16,23,27,25,7,17,17,9,26,12,26,20,22,17,19,9,7,27,10,7,25,9,7,18,7,13,15,15,26,4,9,14,17,16,19,10,11,8,15,2,10,8,4,16,1,3,11,9,9,24,25,
9,9,8,11,7,15,12,13,7,18,15,7,12,19,14,14,18,16,15,13,19,14,12,13,18,20,7,13,6,11,19,10,8,13,19,16,12,10,20,10,20,17,9,15,8,15,16,10,17,14,7,3,19,16,13,22,20,5,23,4,8,5,11,7,10,17,15,8,5,18,21,24,25,4,12,17,22,12,6,18,12,14,21,6,11,8,12,14,21,5,6,9,22,24,10,15,24,8,13,10,8,11,3,20,7,8,3,15,19,5,13,18,9,17,17,11,16,8,18,8,16,7,7,7,7,8,14,5,6,9,7,3,4,3,3,3,3,6,14,9,22,9,17,12,
10,11,16,18,22,23,27,24,26,21,11,10,28,25,36,19,13,16,35,15,27,14,29,16,22,15,18,16,33,16,18,26,9,16,30,15,21,22,16,18,18,27,19,15,18,17,30,18,28,14,28,18,36,13,28,35,10,18,15,14,29,18,20,18,39,34,28,17,12,23,28,11,16,18,29,16,32,29,11,11,12,16,27,33,17,21,11,3,14,30,27,16,15,15,30,11,7,26,8,12,4,6,6,24,13,2,2,16,7,23,19,14,1,9,2,5,12,3,20,14,6,18,9,3,9,9,3,10,7,9,6,26,18,26,31,24,
7,16,8,9,7,9,8,11,12,3,3,3,3,9,11,13,12,15,7,14,18,7,7,19,15,6,8,4,12,17,9,10,20,5,10,22,15,13,3,10,5,9,8,5,7,4,12,16,9,25,18,12,14,21,3,15,14,11,15,21,9,9,8,11,13,8,12,10,9,12,8,10,17,5,20,12,6,12,9,17,8,12,12,15,10,13,8,18,16,4,10,10,17,20,13,13,8,10,13,12,13,5,10,5,8,16,7,12,11,9,6,8,10,9,6,7,6,5,11,10,4,10,8,16,7,10,8,9,8,6,13,9,13,1,7,
19,15,13,10,12,14,15,9,15,10,13,8,15,10,9,10,9,11,12,4,7,10,12,8,12,9,13,5,19,18,11,2,7,22,14,6,22,7,12,12,6,22,8,9,7,12,7,21,18,2,17,10,21,15,5,7,5,19,5,16,6,12,9,10,16,8,15,19,5,5,8,23,21,20,18,5,14,8,9,9,16,26,14,5,7,13,6,21,17,6,9,18,5,6,17,14,14,15,21,17,24,11,17,16,7,19,8,15,20,13,11,16,12,18,14,11,
5,8,8,8,8,7,7,8,3,7,6,13,11,7,10,5,11,11,9,15,9,7,6,9,7,10,9,16,6,11,17,15,10,10,12,8,8,17,11,5,15,18,15,12,17,18,14,13,18,9,15,2,16,13,13,18,16,10,11,14,14,16,19,18,5,12,20,15,16,22,13,14,12,1,6,9,13,15,20,21,9,3,21,10,7,10,21,4,20,21,10,16,7,11,2,18,16,14,10,7,16,15,13,10,5,10,13,9,13,4,9,8,14,13,8,5,14,11,12,7,8,5,4,2,4,3,5,4,8,16,19,
5,8,7,11,12,11,3,2,4,14,15,11,13,5,13,10,13,10,6,11,15,7,13,10,7,14,10,9,5,17,5,13,13,11,9,5,16,10,7,10,12,17,16,8,13,10,8,16,12,15,14,16,12,9,11,9,5,7,15,20,15,11,11,14,15,13,11,14,9,12,3,16,13,11,9,5,17,13,3,7,6,13,13,17,13,13,17,3,10,12,13,4,5,10,11,12,16,12,7,14,13,2,16,8,7,17,11,10,9,11,12,13,14,15,10,16,3,8,6,8,9,5,3,5,9,6,2,
4,3,3,3,8,3,8,4,7,7,7,5,3,4,6,3,3,10,8,7,8,2,7,7,3,9,5,9,8,5,9,6,8,8,8,2,6,9,8,6,8,5,5,9,7,9,2,6,9,8,3,5,6,7,6,7,7,4,4,5,5,6,7,6,4,11,14,17,14,17,10,14,16,16,13,16,18,8,9,16,11,17,14,12,14,13,10,15,16,17,10,8,16,16,6,4,8,16,10,7,14,16,13,16,14,10,10,9,18,15,13,17,17,16,15,12,10,2,4,9,17,14,11,11,5,
8,9,9,7,9,13,11,10,12,13,14,16,7,12,14,18,17,17,19,2,9,19,5,18,10,15,11,9,16,11,18,18,12,19,16,14,16,16,13,19,17,8,9,10,12,21,19,12,6,20,17,7,19,7,7,12,19,15,8,14,17,7,12,8,19,8,18,10,23,13,11,14,9,8,4,14,7,8,15,6,12,20,18,12,15,7,11,14,21,14,8,6,14,14,18,6,4,6,5,8,1,11,2,5,5,10,10,18,15,13,7,12,14,15,
6,5,4,8,4,5,14,7,10,8,11,10,7,15,15,18,11,15,14,20,16,12,16,13,21,17,9,21,5,13,16,9,10,12,20,14,5,6,8,14,16,12,13,7,8,11,15,13,16,19,5,15,10,9,15,18,18,6,9,14,16,15,7,10,17,14,15,14,16,10,22,10,8,15,6,12,13,18,10,19,15,13,12,9,10,15,6,3,14,17,15,14,12,16,6,5,12,7,3,14,12,11,8,9,4,4,5,4,1,10,11,5,12,8,15,9,18,12,10,19,9,7,1,6,
13,9,11,15,7,5,12,13,15,20,11,14,17,15,9,9,23,18,4,19,10,6,18,4,20,27,11,13,7,15,20,8,29,24,21,31,9,15,10,26,27,30,11,23,2,19,6,1,27,27,22,12,27,8,23,25,8,5,25,8,15,22,10,7,24,10,11,12,4,14,23,24,26,7,8,17,22,9,8,5,16,26,14,18,10,25,19,21,22,25,23,11,19,13,21,7,11,10,20,5,8,15,10,5,6,7,9,8,3,3,9,4,9,10,14,20,17,11,20,21,
3,5,9,22,9,28,17,26,8,5,13,21,24,18,16,27,17,26,13,19,18,27,13,19,28,18,21,22,26,25,17,2,26,21,22,18,22,12,22,29,18,21,10,8,6,11,16,9,33,24,16,30,28,13,18,23,25,23,27,29,29,13,26,30,16,17,9,24,27,18,17,15,3,3,3,3,15,20,10,16,10,6,2,4,14,12,3,19,17,8,9,5,9,20,12,3,12,23,
3,2,2,3,2,7,7,2,2,7,10,5,12,11,5,6,14,6,16,3,3,5,7,9,12,12,10,10,12,10,16,13,12,8,11,7,8,12,11,2,8,7,17,17,14,11,10,14,9,13,12,8,12,12,10,13,9,13,16,14,6,14,13,11,11,16,19,15,12,1,13,14,8,13,14,18,14,13,16,8,14,16,13,14,12,9,15,11,11,11,8,11,4,1,4,2,15,13,10,9,8,3,10,10,9,13,5,3,7,9,7,4,4,1,3,8,
13,2,32,39,36,35,35,36,11,34,43,30,39,42,44,19,27,47,39,33,29,48,39,49,34,46,32,50,41,37,34,41,32,31,28,34,34,41,31,11,33,31,28,50,43,34,8,34,33,27,9,2,39,33,4,21,33,43,22,31,40,13,32,18,18,40,31,26,38,14,5,5,16,16,6,12,14,14,6,10,9,32,11,46,46,51,10,15,13,9,11,3,12,11,5,6,12,19,26,26,25,29,29,30,26,44,36,23,10,16,34,6,37,
6,5,7,7,8,4,4,5,6,4,3,7,6,3,6,5,6,3,7,9,9,8,6,4,5,3,7,9,4,6,5,6,6,4,7,10,2,5,4,5,3,5,1,2,2,2,2,3,4,2,3,5,2,3,4,7,4,1,2,2,8,5,5,9,3,3,5,1,4,3,5,1,3,6,6,4,9,1,5,3,3,7,7,5,9,7,5,4,10,4,5,6,8,2,4,
7,6,11,6,6,5,11,7,10,13,9,8,9,16,17,1,20,16,6,16,9,7,8,11,11,7,16,16,16,13,20,15,7,11,17,17,8,4,16,8,11,8,8,17,9,25,12,15,32,15,24,6,26,28,13,31,34,23,12,4,4,8,25,19,5,9,31,9,11,14,11,33,23,33,32,24,10,19,27,28,32,26,26,20,37,38,27,36,34,25,38,27,21,18,20,32,31,30,32,30,31,21,24,36,19,32,31,29,18,
6,5,15,6,8,18,14,15,19,1,21,7,12,21,17,12,6,16,18,15,8,7,5,18,19,23,19,21,21,18,18,22,19,24,23,11,12,10,14,19,21,16,15,20,21,7,21,19,17,23,19,26,22,19,16,18,17,20,21,15,13,16,19,18,21,18,25,23,25,9,22,13,21,22,20,15,21,23,18,13,13,18,21,4,18,14,15,8,19,5,17,16,16,22,15,8,15,8,14,10,9,11,7,7,5,9,4,7,5,5,
3,3,5,3,4,7,5,5,5,4,7,3,5,6,4,9,10,9,5,6,6,6,13,5,7,6,3,9,5,9,15,5,7,2,4,6,2,4,3,7,3,4,5,15,5,5,8,4,2,6,10,6,6,5,5,3,7,7,6,8,2,6,8,9,5,16,5,5,5,15,15,3,4,4,7,12,7,3,5,2,5,4,6,4,12,4,13,10,6,6,13,12,14,7,10,3,4,8,8,3,7,6,13,4,10,
5,5,7,4,6,6,7,27,32,32,9,48,6,33,44,30,37,50,23,41,25,38,54,50,5,34,25,24,44,36,35,29,34,35,7,29,30,28,45,58,35,32,30,49,45,48,27,37,54,9,15,24,31,53,9,46,28,10,41,29,40,33,40,47,33,50,48,33,22,12,25,50,3,7,38,47,47,23,18,15,43,4,7,32,26,25,21,52,14,51,31,45,4,9,42,22,11,10,5,4,4,27,43,16,32,
16,9,14,12,15,13,15,14,22,5,20,26,15,19,24,21,4,25,24,15,12,14,19,20,23,25,25,8,19,6,26,20,13,28,2,13,15,5,21,13,17,18,30,27,12,15,24,18,21,3,12,10,30,18,31,29,26,27,22,18,31,5,32,24,33,18,4,18,13,8,16,15,14,16,27,24,27,18,25,4,15,10,19,29,10,13,22,17,25,16,13,6,8,15,2,14,14,10,4,8,7,
15,8,8,5,7,8,6,5,8,16,4,6,5,10,4,4,8,3,10,2,7,4,8,3,1,7,6,9,6,3,10,11,13,9,7,9,11,14,13,8,9,6,8,15,5,12,12,12,4,14,13,15,10,11,13,19,13,12,20,15,5,21,15,15,19,18,5,14,15,17,15,6,16,14,21,14,18,10,11,17,15,16,14,11,17,4,11,9,12,16,10,15,19,14,18,13,16,10,7,13,7,17,16,15,
11,14,7,8,6,6,7,7,18,9,1,5,9,7,9,13,11,5,10,15,13,19,11,10,18,13,22,9,12,20,26,15,1,15,22,22,3,22,3,8,21,8,25,26,5,21,21,7,18,19,5,21,10,27,18,15,10,13,26,17,24,20,11,25,14,7,22,10,18,19,16,12,25,21,4,7,12,18,18,14,14,20,11,18,18,19,17,18,18,19,20,17,15,13,17,16,
6,9,16,15,12,16,15,16,6,17,8,13,10,12,15,19,18,11,10,13,4,22,19,21,2,7,11,7,12,10,15,10,9,6,11,15,18,14,13,12,17,9,21,12,21,17,3,10,7,11,11,3,18,7,23,12,11,18,7,6,16,15,22,5,4,7,14,14,18,17,7,8,17,4,5,3,10,8,7,10,9,10,5,8,8,7,7,16,14,15,11,18,19,12,21,16,24,15,15,
11,8,7,3,14,7,13,18,12,8,17,15,14,20,15,19,19,16,17,22,22,16,17,17,22,15,22,13,14,15,16,10,13,22,7,5,2,11,19,18,12,12,13,4,9,12,12,8,13,11,19,18,12,7,14,2,10,6,5,13,13,17,13,11,1,6,17,5,10,6,5,10,9,16,16,9,6,9,16,15,2,8,16,17,7,18,11,14,15,13,11,17,11,18,9,13,7,
12,25,37,26,37,37,32,11,6,20,43,11,47,35,17,2,18,50,43,18,45,37,41,29,45,44,42,24,32,45,40,26,35,29,40,37,3,33,40,30,33,40,35,33,44,29,41,23,47,48,49,28,33,45,45,39,33,3,21,35,29,40,35,35,43,47,52,15,20,43,37,19,31,29,36,39,8,1,17,
2,7,12,2,2,21,8,11,19,3,4,7,11,17,19,21,4,19,14,17,18,2,3,4,12,3,10,14,9,3,8,2,15,3,12,9,14,3,13,9,11,3,7,13,10,1,11,10,14,9,11,10,11,8,7,13,1,11,6,3,18,13,14,12,3,2,5,15,17,12,3,16,2,15,1,15,1,16,14,11,22,2,17,19,19,1,14,15,2,2,
2,4,4,4,7,5,6,2,4,5,6,5,5,2,11,6,7,8,6,9,7,5,9,6,5,7,9,8,1,3,6,10,11,5,8,8,2,8,8,4,10,5,9,10,4,7,10,9,10,5,9,7,10,4,11,7,9,9,8,6,9,6,2,3,7,4,8,10,10,9,11,9,8,1,8,7,5,2,5,9,3,9,2,6,5,4,5,10,8,
10,8,10,13,14,12,16,12,14,17,15,17,16,18,19,19,18,13,22,12,19,16,19,14,15,20,15,12,23,7,18,11,19,15,12,22,9,14,11,18,21,10,13,20,12,14,13,15,12,8,16,20,19,9,12,17,5,13,12,17,10,5,12,13,10,11,14,3,13,11,12,1,11,6,5,7,6,8,7,16,10,19,22,18,
1,8,13,5,14,13,12,14,14,23,12,16,14,3,9,23,8,12,13,14,9,9,8,14,18,9,17,14,13,13,15,3,11,6,11,4,10,4,3,5,7,6,7,6,4,4,1,4,6,3,3,7,12,11,14,3,11,7,11,11,6,11,3,3,6,18,16,14,6,8,11,10,5,9,14,14,10,9,8,7,7,12,13,13,13,15,10,8,
24,26,2,3,27,26,3,29,30,32,38,25,38,41,28,38,29,29,36,26,34,35,40,28,25,40,28,33,23,33,1,41,25,34,25,26,27,19,13,14,34,34,24,18,41,14,17,26,18,19,34,35,21,23,20,21,24,26,25,25,25,27,25,25,30,31,30,30,31,31,32,28,32,30,30,35,25,15,30,27,32,8,32,26,
3,4,4,7,7,8,8,4,5,9,9,6,9,7,8,3,6,8,8,3,6,6,4,7,6,7,6,7,7,3,6,4,6,5,4,7,2,4,3,3,2,3,4,4,3,3,2,4,1,3,4,3,3,3,3,4,2,3,1,4,1,3,2,1,5,3,1,1,4,4,4,7,6,4,5,1,2,5,1,7,6,7,
3,7,15,13,12,12,13,6,9,13,13,6,17,4,13,4,10,11,5,10,5,11,14,14,19,17,15,3,17,15,17,6,14,12,11,12,11,8,13,15,9,6,10,8,8,17,11,9,18,9,9,16,17,9,15,16,9,12,8,6,15,16,7,8,4,5,12,5,10,13,10,11,8,8,8,7,6,15,9,
4,4,5,6,8,8,11,7,7,14,14,8,5,17,6,9,11,18,9,17,12,13,16,18,9,12,18,9,10,12,11,20,10,19,10,9,10,19,15,12,18,9,14,8,13,18,15,6,13,6,17,8,19,9,14,9,9,6,14,6,11,13,9,7,8,5,9,8,12,12,9,10,3,8,7,3,3,14,
2,2,5,6,2,6,5,6,3,7,4,6,3,4,6,3,5,7,4,8,7,5,2,4,3,6,7,7,5,10,2,4,3,4,7,13,9,3,10,6,4,10,10,6,7,7,5,5,7,6,5,6,7,5,4,4,2,11,8,4,2,4,10,7,6,2,2,9,7,6,10,1,4,6,3,7,
4,12,13,15,8,14,9,6,15,16,14,18,16,18,15,17,5,7,9,10,14,7,14,15,11,6,4,5,11,11,13,5,12,12,12,5,1,5,18,11,13,10,5,11,16,7,19,18,6,13,18,10,16,14,8,14,11,14,17,11,8,20,19,17,23,9,9,12,8,10,8,13,9,10,5,8,
2,2,3,5,12,16,4,11,19,17,18,26,19,21,13,5,24,12,19,17,25,18,30,19,20,12,27,27,30,6,28,13,19,18,17,10,25,18,23,28,19,23,24,13,17,25,25,10,21,17,13,13,4,8,7,12,6,13,11,9,10,11,5,6,7,6,2,7,8,4,3,3,3,9,10,
3,5,4,4,4,6,4,4,6,7,6,7,7,7,6,2,2,5,7,5,9,8,5,3,6,9,7,7,8,9,5,5,5,7,5,4,3,10,9,9,7,10,7,8,6,12,8,9,9,7,8,9,8,7,9,5,12,6,7,6,10,6,7,8,9,5,6,9,7,7,4,5,6,7,8,
1,2,9,12,19,16,14,11,17,3,10,12,17,7,18,12,17,10,13,17,18,18,19,22,14,19,20,14,16,17,21,22,18,18,23,20,19,12,2,15,12,17,22,16,22,14,16,21,5,16,19,19,23,16,23,19,21,16,6,7,7,15,4,6,5,5,4,9,8,9,2,4,2,3,3,
3,5,4,5,7,8,8,8,3,7,5,8,3,4,2,9,7,8,10,4,3,3,12,6,9,2,4,10,9,12,8,6,2,4,4,1,5,1,5,7,6,10,6,7,9,3,8,6,3,8,9,6,3,5,2,4,8,3,5,5,4,4,7,7,4,5,6,3,3,5,5,6,4,8,
7,15,10,11,16,14,6,12,12,9,8,11,7,5,8,13,10,3,7,8,10,8,5,10,12,13,8,5,9,8,8,7,14,11,11,6,6,4,11,15,16,14,17,7,9,5,16,19,9,14,17,14,8,16,17,16,18,15,18,13,20,19,17,18,19,17,13,17,13,11,15,14,
16,15,14,13,19,18,23,21,17,18,28,26,19,14,18,18,29,27,13,24,24,25,17,28,25,13,10,25,8,24,29,28,18,17,25,14,16,19,16,17,10,15,9,10,7,17,18,4,4,11,2,17,3,2,4,6,6,15,12,9,9,3,4,3,2,5,4,2,26,22,18,27,20,
2,2,2,3,2,4,6,7,8,9,8,9,10,6,6,10,7,5,7,9,6,6,5,7,8,7,9,9,6,5,10,12,7,11,7,10,11,7,10,6,7,10,9,7,8,5,12,7,13,10,13,16,12,10,9,15,13,9,14,7,10,12,7,3,12,8,1,11,11,10,13,12,13,
38,35,45,61,55,42,60,48,57,37,43,56,52,44,46,60,47,49,46,60,39,43,51,43,57,47,37,61,61,61,60,45,49,61,42,49,49,58,44,60,32,57,61,53,59,58,7,59,58,60,55,57,59,53,8,43,8,59,7,5,6,7,50,8,7,60,44,46,60,60,50,
13,14,14,16,16,20,18,18,25,22,29,12,19,14,13,26,28,17,23,15,31,24,21,27,24,12,27,31,26,12,25,17,26,16,16,24,22,29,18,22,25,25,19,15,19,21,12,12,17,10,19,7,14,14,6,13,7,9,6,7,10,12,10,11,8,5,12,10,1,11,9,
4,13,9,10,3,5,9,7,8,8,6,2,14,7,13,5,4,7,16,14,5,2,12,8,10,11,8,17,4,4,6,9,2,15,2,16,12,3,8,15,8,7,5,4,6,8,11,9,10,14,8,7,7,12,5,10,3,3,3,3,3,3,3,6,6,3,13,10,6,9,
26,21,16,32,27,28,32,26,24,18,28,35,19,29,34,24,16,31,31,17,34,31,18,28,32,36,32,25,35,34,26,33,29,30,29,25,21,27,20,34,28,21,29,9,27,15,19,14,25,32,27,20,28,27,11,8,30,3,8,20,22,22,25,8,1,9,21,4,
8,10,4,15,15,6,13,19,10,9,6,13,12,13,11,21,16,21,14,12,23,14,1,11,10,25,15,28,12,16,15,14,8,11,17,21,6,20,25,6,18,22,6,13,15,7,18,3,17,15,7,22,17,15,19,12,18,5,21,13,16,12,13,14,11,8,17,
5,6,6,6,6,6,6,3,27,17,18,24,20,28,24,24,32,1,25,32,30,7,17,34,36,32,16,27,34,15,32,25,24,24,3,24,15,27,21,27,20,27,11,23,24,32,34,31,26,19,31,25,4,14,16,30,17,3,34,18,19,11,20,28,14,11,
7,8,6,7,11,8,8,13,8,13,8,9,5,12,15,12,9,11,11,22,13,16,7,19,8,17,10,12,11,20,10,15,8,15,25,11,25,9,24,21,14,21,8,23,9,5,23,15,11,22,21,22,21,9,23,9,17,19,20,18,13,11,15,11,11,
2,7,5,7,8,7,4,3,10,4,8,9,1,8,5,8,9,10,8,9,10,12,11,3,8,4,5,7,4,9,3,10,6,9,4,9,7,9,8,9,7,5,7,1,3,7,10,8,6,5,6,10,4,3,10,8,6,4,7,7,1,2,9,3,
3,16,21,20,15,21,3,3,6,8,3,13,6,4,18,5,16,17,10,14,9,11,12,14,7,6,10,9,12,9,6,10,12,9,11,11,15,14,11,12,7,9,9,9,11,12,11,10,20,11,14,14,12,13,18,14,14,
50,45,48,45,42,45,46,44,29,35,37,27,40,34,53,39,43,46,50,46,42,36,53,43,3,43,34,46,49,22,39,3,48,29,3,32,51,36,52,52,4,52,50,39,48,49,49,52,53,53,51,54,53,42,49,54,19,52,53,39,47,14,
4,8,10,13,10,16,7,17,13,17,13,20,23,23,26,16,19,25,13,27,16,7,25,20,28,16,7,20,18,26,21,29,14,24,18,12,21,14,21,19,20,17,23,19,12,16,11,15,11,15,13,6,11,9,10,3,3,3,2,9,18,22,
1,2,3,2,6,3,2,6,7,4,8,7,5,8,2,2,4,7,4,7,9,4,12,10,5,7,7,3,2,5,7,4,4,3,10,5,8,8,7,5,6,6,6,10,3,2,3,8,9,5,5,6,5,4,3,7,4,5,6,6,4,6,
15,17,10,14,10,21,17,18,18,21,19,22,16,20,15,11,21,20,7,13,23,8,2,17,2,12,5,11,14,13,25,6,11,18,20,14,30,4,6,16,14,3,11,9,17,8,11,16,16,11,12,10,11,7,12,10,8,6,6,18,6,
4,4,12,1,4,3,14,1,14,11,1,5,3,18,19,20,22,15,22,23,19,21,11,17,7,18,22,23,20,10,19,20,19,18,14,21,13,11,16,15,13,15,22,21,19,11,11,22,19,4,17,19,15,6,13,7,11,2,16,16,11,
8,3,11,4,6,12,7,5,6,10,7,10,17,7,14,16,14,10,16,11,3,17,14,8,12,7,13,11,9,15,3,15,16,9,6,16,18,11,12,3,3,4,13,6,17,14,15,16,11,14,7,16,16,13,15,16,1,8,5,6,
4,4,3,3,1,5,4,8,4,8,5,5,4,3,7,3,5,7,2,6,9,4,3,3,7,11,5,5,9,6,7,12,3,6,12,9,5,3,11,12,9,11,15,14,3,10,7,11,5,8,11,13,8,11,13,11,6,12,6,7,
6,9,7,10,12,9,9,14,11,8,15,13,15,13,18,10,9,10,14,11,12,17,13,21,8,22,16,16,9,12,5,6,10,9,10,11,10,8,10,12,6,8,15,7,7,10,9,7,10,10,6,1,8,3,3,9,14,7,14,
2,4,3,7,8,6,9,9,7,8,8,11,6,4,4,8,13,9,11,13,15,1,9,3,13,12,5,11,8,12,11,3,10,10,11,10,12,2,8,10,10,10,11,6,9,10,8,3,2,4,6,7,5,3,3,2,4,5,6,
3,5,3,6,7,4,6,6,7,7,8,5,4,4,5,8,11,13,7,14,12,11,6,13,9,11,12,11,10,4,10,9,8,4,10,7,6,7,8,11,6,7,8,10,7,8,10,11,9,8,7,3,7,4,2,6,5,4,
2,3,6,13,16,15,14,17,3,4,2,18,17,5,1,2,19,15,2,2,20,18,19,1,22,10,4,19,9,3,3,16,4,13,17,12,7,6,5,8,4,6,2,6,6,6,5,4,5,4,3,5,6,4,20,14,
27,16,18,25,14,11,18,23,23,25,27,10,20,20,26,12,30,30,10,11,31,31,32,23,31,30,31,26,28,29,29,31,29,29,24,29,25,23,22,21,11,17,7,6,8,3,2,2,
6,15,15,8,16,9,22,16,14,22,18,11,15,7,12,24,17,20,26,18,11,22,14,28,26,23,22,14,20,25,26,22,19,16,25,23,24,17,7,13,17,18,1,13,14,17,16,6,17,16,13,15,12,3,18,14,
12,11,11,9,12,5,9,11,9,6,5,4,11,7,11,6,7,1,8,5,14,5,9,6,6,7,13,10,6,9,8,16,9,6,7,8,12,13,2,11,5,2,5,11,11,11,6,5,12,12,12,10,8,2,9,8,
9,6,10,11,11,12,12,10,15,11,11,12,13,10,15,15,12,13,12,13,15,10,13,12,13,16,15,6,13,14,12,11,11,7,14,4,4,9,6,6,8,4,8,7,7,11,3,1,2,7,3,5,3,6,3,2,
13,12,18,19,19,19,17,23,20,24,6,22,22,8,10,23,20,31,22,26,20,9,10,16,24,16,26,24,18,20,14,16,23,12,11,13,16,14,11,7,7,11,6,6,7,6,2,3,2,2,3,18,20,23,10,
1,3,2,3,3,4,1,6,5,3,2,8,7,6,6,6,2,6,5,8,2,7,5,7,7,9,6,11,2,8,8,8,9,11,11,7,3,6,6,4,6,3,7,2,2,8,8,8,7,4,6,3,3,3,
5,9,6,6,6,9,5,10,7,10,10,13,10,4,2,10,3,10,6,7,12,11,5,11,8,9,3,9,8,7,10,7,5,7,6,7,7,3,8,3,7,8,5,8,4,2,2,2,2,5,4,4,3,3,1,
12,11,9,21,13,13,18,23,20,16,10,18,15,7,3,15,21,22,23,25,23,24,13,9,11,26,10,12,22,14,26,4,25,17,24,23,27,2,12,1,16,26,16,14,25,19,15,24,23,11,22,18,18,9,
5,1,4,15,12,18,12,18,10,17,19,13,10,14,2,13,23,11,12,8,20,10,10,5,6,9,13,5,16,12,11,19,9,20,2,9,14,12,16,14,17,10,12,9,5,16,11,13,9,9,17,12,2,13,
7,12,9,4,3,13,18,23,22,22,11,3,24,23,16,20,23,16,22,25,24,15,1,15,19,23,24,15,23,17,26,20,17,15,15,18,22,11,9,18,6,16,16,11,14,16,18,13,13,14,9,6,7,6,
4,4,4,10,8,12,12,14,14,7,10,10,16,11,15,18,16,6,11,17,8,20,7,6,7,15,11,10,15,14,15,6,15,13,16,5,3,11,15,13,11,9,3,10,9,3,12,9,6,2,1,3,
2,2,4,4,7,7,9,7,5,9,8,9,12,7,5,8,6,10,7,8,6,4,4,1,6,9,10,10,8,8,12,7,8,5,4,4,6,9,8,8,6,14,9,8,5,6,6,7,5,7,3,3,
21,19,22,24,22,23,18,24,26,26,28,27,27,26,30,26,32,27,30,32,32,31,33,29,15,26,24,22,22,20,16,19,18,17,7,11,10,7,9,6,6,4,7,7,11,5,3,6,4,6,7,34,
7,7,9,7,6,15,5,4,9,11,11,10,10,14,16,10,11,12,5,15,11,10,15,8,6,10,12,6,13,9,6,11,11,8,10,7,9,9,6,7,7,9,7,7,6,6,6,6,6,6,12,
2,2,2,4,3,5,2,6,6,5,5,2,6,7,6,5,7,5,4,6,4,5,4,6,3,5,2,9,3,7,5,7,3,7,3,5,4,3,5,5,6,6,7,4,4,3,5,4,2,3,3,
4,1,6,5,7,9,10,5,6,8,5,2,6,3,9,9,13,7,3,7,11,8,8,7,8,11,7,5,12,6,10,7,10,5,13,16,15,15,6,5,12,9,2,2,10,7,8,9,10,7,
1,3,6,6,8,3,7,8,4,6,3,4,7,6,2,7,9,5,9,9,9,7,6,11,11,12,12,1,10,6,6,11,11,13,5,13,8,11,6,9,5,2,9,5,6,9,10,11,
6,7,6,11,11,9,9,13,13,12,15,14,12,15,22,12,19,17,16,13,20,21,12,15,9,19,18,19,11,15,13,13,14,8,13,16,10,15,7,10,5,2,3,2,5,12,19,13,15,2,
3,5,11,10,9,7,12,8,13,11,21,12,16,14,7,10,4,11,5,13,17,9,18,5,18,2,13,4,3,13,18,3,6,3,16,8,18,11,11,2,14,6,3,12,4,3,3,3,18,
11,12,7,5,5,8,7,9,3,8,6,8,7,9,6,9,11,7,10,10,10,6,6,3,3,6,2,7,8,6,5,4,1,7,3,6,8,5,5,3,3,5,6,6,4,8,8,6,
9,12,19,19,18,11,20,12,20,1,20,21,21,16,5,18,20,20,21,18,8,21,19,13,8,7,20,2,18,17,6,2,10,2,10,13,8,2,14,9,9,2,9,7,9,1,10,21,
5,11,8,13,13,10,6,9,13,12,10,7,12,6,5,2,6,1,10,13,8,5,3,9,12,7,6,11,9,5,10,7,9,5,4,8,3,5,8,3,4,2,6,6,4,3,6,2,
1,3,2,3,1,5,3,6,1,2,3,6,7,5,2,7,6,4,2,4,5,5,5,5,5,3,4,7,5,4,3,6,6,5,4,3,2,4,4,4,3,5,1,4,3,3,3,
7,4,6,4,9,5,5,6,3,6,6,2,1,6,9,3,2,10,9,3,9,4,9,7,4,3,6,7,7,7,2,7,3,3,7,6,5,3,4,8,7,8,5,8,9,9,7,
1,6,5,3,6,7,5,7,6,3,6,4,7,6,4,4,7,7,8,6,7,7,8,3,6,6,7,6,9,5,7,6,7,7,7,2,6,6,5,7,5,6,5,2,6,6,
3,2,4,3,5,2,2,3,5,2,10,5,1,8,4,5,9,2,7,6,8,8,11,7,10,8,9,2,4,9,9,6,8,2,10,5,5,8,5,4,7,1,5,8,5,8,
3,6,6,3,9,6,6,8,7,3,4,5,4,2,3,4,6,3,4,6,6,6,7,6,7,8,9,4,8,8,3,5,8,9,5,8,5,7,3,3,8,3,3,4,3,
3,6,6,4,6,2,3,6,6,7,6,6,7,7,6,5,4,5,1,5,1,4,4,7,4,5,5,4,4,3,3,3,6,4,2,3,4,4,3,3,3,5,2,1,4,
3,3,8,8,8,4,5,10,10,3,6,9,11,5,7,8,7,6,7,8,10,9,9,5,8,7,5,14,10,14,15,9,10,10,12,9,14,10,8,5,10,10,12,9,8,
15,14,14,15,14,12,1,13,12,8,10,12,8,4,10,4,6,11,9,9,8,9,8,12,12,4,9,9,13,10,9,10,15,12,12,7,13,14,14,14,12,14,15,
2,5,2,7,6,7,3,7,4,4,4,4,3,8,7,6,5,6,6,4,8,7,8,3,4,7,7,6,4,2,2,3,5,4,3,5,3,2,10,7,9,3,2,6,
9,11,11,12,14,17,17,17,18,17,17,17,18,17,17,17,14,14,9,17,16,8,17,12,11,15,14,11,9,12,13,15,15,9,15,6,15,10,13,12,15,13,10,14,
8,10,9,4,1,7,6,2,2,12,5,4,4,3,3,14,2,2,4,13,8,3,2,4,4,9,7,4,3,5,10,2,5,3,3,3,2,4,9,7,11,11,6,
8,7,5,11,8,6,5,16,10,14,12,14,10,5,14,13,12,23,23,19,17,20,16,8,18,14,22,12,19,17,19,8,16,5,15,17,9,18,5,4,16,7,1,
2,1,4,6,5,8,6,2,5,3,5,3,4,2,3,2,5,4,3,7,4,7,6,7,4,6,4,4,4,5,5,6,7,6,5,4,5,6,5,3,2,3,
2,6,4,5,4,5,7,9,13,10,17,11,9,12,9,16,17,17,15,15,14,16,15,8,10,11,6,8,13,14,10,15,12,7,15,8,6,13,11,6,5,
3,8,16,19,8,14,12,20,14,18,20,15,11,18,5,17,10,12,19,6,11,19,10,9,7,17,5,9,14,18,2,13,11,21,4,2,8,18,1,12,
1,3,4,3,4,3,4,7,6,5,10,4,6,4,6,3,10,2,6,5,4,7,7,6,6,3,3,3,4,8,9,6,2,1,2,4,3,2,5,5,
1,4,6,1,10,6,3,8,2,6,5,7,7,6,4,9,1,7,4,8,3,8,6,3,8,5,7,4,7,2,5,6,4,6,3,3,3,1,5,6,
2,8,1,8,8,12,14,15,5,11,15,10,16,8,9,12,12,12,10,10,10,14,13,5,8,10,14,9,7,13,11,10,4,12,11,11,9,8,11,8,
3,1,7,7,8,6,6,6,6,6,7,8,10,6,12,9,8,10,9,13,13,9,11,11,8,12,14,10,11,7,10,11,6,4,5,4,2,3,4,1,
4,4,3,3,7,9,5,7,3,7,1,6,11,9,6,6,7,2,5,7,2,8,2,4,6,4,6,2,3,5,2,4,5,3,6,5,1,2,5,7,
1,2,3,3,3,3,3,2,6,3,3,4,3,4,1,1,6,2,1,3,3,4,3,4,1,4,4,3,3,1,3,3,3,2,3,3,4,2,2,
13,13,17,19,16,1,19,16,18,17,16,19,2,17,13,13,6,5,21,19,6,17,13,8,13,13,
3,5,5,3,3,7,8,9,10,5,11,1,11,10,6,11,12,14,13,5,9,15,12,12,14,8,13,8,10,9,6,11,14,5,11,9,9,7,2,
2,6,7,7,9,5,6,6,4,4,13,5,9,8,12,6,6,6,6,12,5,9,8,14,4,9,4,5,6,7,5,9,1,6,6,5,4,6,10,
6,4,7,9,5,7,3,5,1,4,5,6,2,2,6,6,7,8,8,9,5,5,5,4,6,2,7,4,3,2,5,2,4,8,5,3,4,7,7,
1,2,2,2,4,2,4,2,5,5,3,4,3,4,5,4,4,2,4,2,2,4,3,3,3,5,5,4,2,1,2,4,3,2,1,1,2,1,
9,12,12,10,7,3,12,9,8,11,11,11,7,5,3,12,12,12,14,7,14,13,9,8,11,12,7,7,8,7,1,10,12,10,12,12,10,
6,4,8,8,7,8,9,8,9,5,3,6,9,8,5,8,7,11,5,3,4,3,4,11,10,10,5,7,9,10,8,8,6,5,3,
19,22,17,26,26,12,13,21,21,13,26,21,22,26,20,26,18,20,22,13,1,25,14,17,7,21,20,16,19,
6,6,6,9,8,8,10,4,7,2,5,9,12,11,5,7,7,7,4,5,6,6,3,3,6,7,3,6,5,7,3,3,2,5,6,7,
1,6,5,7,8,4,6,6,6,3,2,9,1,8,7,11,5,9,5,8,8,5,7,5,6,7,5,9,6,2,1,5,4,4,4,1,
2,4,6,2,2,2,3,4,4,3,2,4,2,3,3,3,5,4,7,8,2,3,7,10,5,7,5,8,5,6,4,7,3,3,4,4,
4,1,3,4,1,5,9,11,12,3,9,10,9,11,10,13,9,7,6,7,4,2,5,11,6,8,8,5,5,4,11,10,8,12,7,
16,13,9,4,7,17,12,14,6,15,9,15,5,16,17,7,17,18,19,15,19,18,16,5,17,9,14,5,7,8,8,8,6,6,19,
7,6,7,10,2,9,16,11,15,13,15,15,7,10,7,1,2,17,9,19,16,8,16,12,7,15,12,14,16,17,14,9,2,16,
6,8,7,11,7,9,6,9,7,6,4,6,13,12,7,9,4,3,7,9,11,5,8,8,9,3,11,4,5,3,8,8,3,4,6,
18,16,18,15,16,11,19,9,8,21,8,9,7,13,1,2,21,20,15,15,18,16,7,8,14,19,21,22,14,19,22,13,15,14,20,
5,4,5,4,5,3,3,4,6,2,4,5,7,4,3,7,2,4,2,6,5,3,5,7,3,5,3,3,3,4,4,6,4,3,1,
3,7,6,2,5,10,10,7,11,8,12,10,8,1,5,10,6,11,4,5,5,1,8,6,7,6,6,7,3,3,3,6,4,7,3,
1,2,10,3,5,9,9,7,7,8,10,10,8,7,13,1,7,12,9,7,6,8,4,8,4,8,8,6,6,5,6,4,2,11,9,
8,5,8,2,5,2,7,2,4,4,4,9,8,6,4,6,10,6,7,8,8,9,8,6,4,5,5,9,7,4,9,6,7,8,
6,9,4,9,9,5,7,7,8,9,10,5,8,4,4,4,10,10,2,8,4,4,1,8,5,7,2,6,4,6,6,2,8,9,
5,4,4,4,2,4,4,4,5,10,5,7,8,6,8,8,6,7,5,2,6,7,8,3,1,2,2,7,6,6,8,6,6,2,
4,4,4,2,4,3,5,3,2,4,5,4,2,5,5,1,1,4,2,4,1,3,1,4,5,1,4,4,2,4,2,3,4,2,
2,2,1,4,2,4,4,5,6,6,4,4,1,4,4,4,4,5,4,6,4,3,4,4,3,3,4,4,5,2,1,2,3,2,
3,2,1,4,4,3,3,4,4,2,3,5,5,3,4,4,5,4,2,6,1,3,3,1,6,4,3,5,5,5,6,4,4,5,
1,2,6,7,8,6,4,5,9,7,3,7,9,5,4,2,3,3,5,4,6,3,4,2,5,5,4,5,7,3,4,7,2,3,
18,13,13,13,13,13,13,13,12,13,12,2,12,13,13,19,18,18,18,18,18,18,13,18,18,18,18,18,18,18,18,18,18,18,
4,5,11,10,6,13,13,4,13,2,1,14,5,12,13,5,13,13,9,4,10,5,15,9,4,9,10,7,13,
1,5,5,3,5,2,7,6,6,2,6,1,8,6,7,5,2,2,4,5,4,5,5,5,5,2,3,2,4,2,4,3,2,
3,6,5,5,6,8,7,7,6,2,6,7,8,6,8,10,5,8,7,6,6,6,5,7,5,7,4,7,6,4,7,7,5,
3,4,8,9,8,8,10,9,6,7,6,8,3,8,9,6,5,7,6,4,9,7,7,8,8,7,5,2,5,2,4,3,3,
4,1,3,3,1,3,4,2,3,4,2,1,6,4,1,2,3,3,3,2,9,9,2,9,8,8,6,10,5,1,8,2,8,
2,3,7,2,7,7,6,8,8,7,3,8,8,6,6,4,7,3,5,8,6,5,7,3,3,3,2,5,3,2,2,3,1,
6,3,5,4,3,4,5,3,5,4,5,7,6,6,8,1,7,4,4,4,7,4,3,5,6,5,8,1,7,6,
4,6,7,6,9,5,7,6,5,5,2,4,8,7,9,12,4,3,10,5,8,5,8,6,5,8,1,7,3,3,7,5,
4,4,11,11,10,4,5,11,4,13,4,4,13,11,13,10,13,11,15,14,8,16,11,10,12,20,18,10,9,18,17,10,
7,8,3,5,2,2,3,3,5,7,6,2,6,8,3,10,8,6,7,7,8,6,7,9,8,7,10,9,2,8,1,1,
11,11,11,12,11,11,12,11,14,14,11,14,12,13,16,12,15,8,16,15,8,14,11,12,13,13,14,13,11,2,1,
14,14,14,14,14,14,14,15,14,16,16,16,16,14,14,16,16,17,16,14,16,16,14,16,16,16,16,16,16,16,14,14,
5,5,7,5,2,9,10,6,4,7,4,3,6,3,5,3,3,4,3,5,4,3,3,2,3,4,5,4,2,2,1,6,
1,3,6,2,5,4,4,5,5,6,6,4,6,4,4,4,5,4,4,4,2,4,4,2,4,3,3,3,4,2,1,2,
1,2,5,7,5,8,7,6,5,7,5,6,7,6,8,7,7,6,4,1,2,2,3,4,2,9,5,5,5,4,5,
16,10,16,22,12,18,22,10,15,21,17,15,16,11,17,19,17,11,18,18,19,14,6,17,17,16,18,1,24,9,18,
7,7,7,2,9,12,7,7,7,2,7,7,7,8,11,6,13,11,9,15,14,15,15,14,8,13,12,16,10,10,12,
4,4,3,3,1,3,6,2,4,2,3,3,3,4,3,4,6,1,1,5,3,2,5,3,1,4,3,4,2,2,2,
1,2,5,6,5,6,8,9,7,8,11,10,11,5,14,13,5,13,10,10,8,10,9,14,9,10,8,8,9,4,10,
2,4,1,3,1,2,3,2,6,5,6,5,3,2,8,6,7,6,4,9,5,9,7,10,7,6,3,9,9,6,8,
10,8,12,6,8,5,4,6,8,10,8,11,6,4,9,5,7,9,8,5,7,4,11,5,4,9,12,11,1,11,2,
7,4,3,10,6,11,10,12,8,5,9,11,9,7,7,9,10,5,4,7,11,9,7,6,7,6,6,6,1,7,
2,6,3,3,4,6,1,3,7,1,7,1,7,3,1,7,4,2,6,4,3,4,6,4,7,3,4,2,2,1,
9,12,9,12,3,15,14,10,11,19,13,3,3,18,15,4,13,17,12,13,12,4,4,9,11,9,5,3,4,4,
4,5,7,6,7,6,3,4,3,6,7,7,4,5,5,4,4,5,6,1,5,5,4,7,4,3,5,3,1,
6,1,7,6,8,2,3,6,10,6,1,3,2,5,2,2,3,3,3,4,4,2,4,1,4,3,5,7,9,
1,2,4,3,1,5,5,4,8,6,6,3,4,3,4,3,5,2,6,2,2,4,3,1,4,6,3,3,1,
1,1,4,3,6,4,1,4,4,6,1,5,3,4,4,7,3,6,2,4,6,4,4,1,2,2,4,6,
9,11,8,10,14,14,12,12,1,14,5,9,1,8,3,9,8,6,7,8,13,8,8,11,7,8,10,12,
13,16,17,17,18,16,17,17,17,18,19,20,19,18,13,20,20,11,17,19,5,11,9,7,1,5,5,5,
1,2,2,4,3,7,4,3,4,5,4,4,5,6,3,6,4,6,7,4,4,5,5,6,2,5,5,4,
1,1,5,3,2,1,2,3,3,3,2,2,3,2,2,3,4,2,3,2,3,1,5,4,3,3,3,3,
8,6,7,5,9,3,7,8,7,8,7,7,8,8,8,5,7,9,8,7,7,8,8,8,7,5,2,1,
3,3,5,5,4,4,4,5,4,5,4,5,5,5,1,4,4,3,2,4,5,2,4,2,2,2,3,1,
20,21,22,16,5,21,23,14,23,24,21,21,23,22,23,23,20,23,21,23,21,1,21,23,22,4,23,
11,12,16,15,16,16,16,16,17,17,19,15,16,16,16,8,11,8,3,4,5,3,2,2,1,13,16,
2,3,3,5,2,3,3,3,4,3,7,6,5,7,9,1,7,9,5,3,2,4,2,5,4,4,1,
9,12,12,12,9,11,12,10,12,10,9,8,13,13,8,8,13,12,11,13,8,10,10,9,12,12,12,
17,19,20,22,19,20,19,21,20,20,22,20,21,21,19,22,14,21,21,21,6,22,8,5,2,1,19,
2,2,3,4,4,3,3,4,1,2,3,6,4,4,1,3,3,5,2,3,3,1,4,3,2,2,3,
6,3,3,5,6,7,3,3,4,4,4,8,5,5,3,2,1,4,3,3,5,4,4,1,3,3,
4,4,7,7,9,4,9,8,3,5,3,8,5,8,9,9,10,10,9,8,2,1,10,9,10,7,
2,1,2,1,5,5,6,6,6,6,8,7,9,6,4,6,4,3,4,3,4,1,3,1,3,8,
4,5,4,3,4,7,2,11,4,10,8,14,8,13,8,13,15,10,13,13,13,10,10,9,7,6,
8,7,7,12,10,15,10,13,13,12,13,10,12,8,11,11,10,15,13,12,2,10,12,1,8,3,
1,4,5,3,4,5,5,4,5,5,3,5,5,4,4,8,1,5,6,7,8,2,2,2,1,2,
3,8,8,10,2,10,4,9,5,6,9,4,2,4,2,10,10,3,2,7,9,4,3,1,3,10,
2,4,5,3,4,5,7,5,5,2,3,5,3,3,5,2,2,7,5,5,2,3,3,1,3,2,
12,12,12,12,8,11,7,11,13,13,1,2,8,9,13,8,13,13,11,6,12,11,9,8,8,13,
2,3,2,2,6,1,2,4,2,2,3,1,3,4,2,4,3,1,4,4,4,4,3,4,3,1,
4,8,6,6,1,7,8,4,7,8,7,6,7,8,7,9,8,10,9,10,8,8,7,5,5,7,
3,7,7,13,7,9,12,14,11,14,9,14,13,14,7,2,10,11,10,8,9,3,2,2,13,
4,5,8,2,9,5,3,9,10,11,8,10,4,11,11,9,7,10,9,10,6,7,7,1,10,
2,7,8,9,8,2,4,2,5,3,9,8,7,10,9,6,6,9,8,4,3,4,3,2,6,
6,9,5,9,10,7,9,11,7,6,9,10,5,5,3,4,6,10,7,5,1,4,9,7,6,
2,5,10,9,11,5,12,12,9,9,11,4,9,9,11,3,2,7,2,8,
4,1,3,3,4,6,10,10,7,12,9,14,11,12,7,9,11,9,10,12,7,8,9,6,12,
3,3,4,1,2,3,3,3,4,2,2,3,3,4,3,3,3,3,3,2,2,3,5,5,4,
2,6,1,7,2,6,10,6,2,9,6,8,8,6,8,6,2,8,6,8,11,10,4,7,5,
3,1,6,3,4,7,7,7,7,6,4,6,7,5,2,4,4,4,6,4,1,3,4,3,2,
2,2,3,5,3,3,2,2,3,2,3,3,3,4,5,3,4,1,1,3,4,1,3,2,5,
6,6,4,6,6,6,6,5,5,5,10,7,7,4,8,6,7,6,6,3,3,2,1,5,
7,6,6,4,4,4,4,3,6,5,3,4,3,4,6,4,6,3,3,3,4,7,6,5,
3,3,6,3,8,4,5,7,10,7,9,9,7,3,7,2,5,5,3,6,5,5,3,3,
3,5,3,6,3,1,3,1,7,2,7,7,2,2,5,3,5,2,2,5,2,2,7,3,
3,5,5,6,4,9,8,10,6,6,6,6,7,5,5,4,5,5,3,2,3,2,3,4,
2,2,3,7,7,7,6,5,9,8,11,6,10,8,11,6,10,7,10,9,9,6,5,12,
3,2,3,1,4,4,2,3,1,3,3,2,5,4,3,6,2,2,4,3,2,3,2,3,
1,2,2,2,4,1,4,8,6,2,7,3,9,5,6,7,7,3,5,7,8,8,3,6,
1,1,3,3,3,2,4,2,3,3,4,3,5,4,5,3,3,3,4,4,3,1,2,3,
5,4,5,4,6,8,7,4,10,9,11,11,6,10,4,10,7,6,4,8,4,5,8,
1,4,3,2,6,3,3,3,5,3,3,5,3,4,5,4,7,4,4,2,3,2,5,
3,3,2,2,3,5,1,6,4,5,4,6,4,2,7,6,6,3,4,3,3,3,1,
6,5,6,4,3,5,1,5,5,2,2,4,2,5,4,3,4,2,2,5,2,2,7,
1,1,1,2,3,4,2,5,6,3,4,5,2,2,3,2,6,3,4,1,1,3,2,
2,2,4,3,3,5,5,4,5,3,5,3,4,6,6,3,2,2,3,4,3,2,3,
4,2,6,2,4,2,5,7,6,7,8,6,1,7,1,3,5,6,4,2,4,3,3,
5,6,6,7,2,6,5,7,3,6,5,5,3,5,6,5,4,7,4,3,5,4,3,
1,6,5,4,6,8,5,7,7,5,11,2,8,6,8,3,1,3,
4,6,6,8,9,12,5,8,8,4,8,4,8,6,9,4,3,1,5,3,7,8,
1,4,4,3,1,2,3,2,3,2,2,2,2,2,3,1,1,4,4,4,2,2,
3,4,3,3,5,5,6,9,1,4,6,6,2,2,1,2,1,4,5,3,5,6,
4,7,5,6,8,5,4,7,7,7,5,3,5,8,9,4,
8,10,8,4,11,1,4,12,10,10,11,7,13,10,2,5,4,5,5,12,14,12,
7,5,10,4,4,12,9,4,9,4,5,9,10,9,6,11,6,9,4,5,9,3,
2,2,3,11,9,8,10,10,11,12,5,5,7,13,6,5,3,14,12,8,12,2,
6,3,3,6,2,8,6,7,8,7,4,6,2,4,5,3,5,6,5,2,1,3,
5,7,9,7,6,8,4,5,9,5,2,8,7,7,1,8,6,2,5,9,2,2,
1,5,6,6,5,6,3,4,4,1,7,7,7,7,4,8,10,5,10,3,6,3,
1,2,4,2,6,4,2,5,6,3,1,5,4,1,2,7,3,3,5,7,5,4,
1,5,4,2,5,5,7,4,4,5,7,4,4,1,4,2,3,2,5,5,5,
6,5,1,4,7,7,7,5,7,2,6,7,2,7,2,5,4,6,6,6,2,
5,5,5,5,8,4,6,9,2,4,4,5,2,5,2,4,3,1,1,1,1,
9,6,1,8,3,3,6,3,4,4,6,7,7,8,8,4,8,2,2,4,3,
1,3,3,5,6,7,8,5,6,7,6,7,3,5,4,6,2,6,3,2,1,
2,2,5,3,3,1,5,4,7,7,3,7,7,5,4,4,3,6,4,4,4,
1,6,2,8,4,6,5,5,6,7,6,9,4,8,5,10,6,8,6,7,9,
5,7,6,7,6,4,7,3,6,4,4,4,6,5,6,7,1,7,5,7,7,
4,6,4,4,5,8,2,6,1,2,2,8,4,5,1,3,4,2,2,3,2,
1,3,5,5,9,3,8,7,5,5,4,7,4,7,7,4,8,5,4,3,2,
19,19,15,19,17,15,16,15,14,18,17,10,17,16,12,15,1,19,17,18,19,
10,10,2,3,11,8,11,6,12,12,5,12,12,10,8,7,7,13,6,1,2,
7,7,5,2,6,7,5,5,8,6,8,5,4,5,1,6,3,2,3,1,
18,18,18,18,18,1,18,18,18,18,18,18,17,18,17,18,18,18,18,17,
4,4,4,5,6,4,1,11,7,7,4,10,9,11,4,9,9,7,8,10,
10,13,16,17,16,13,12,13,16,16,17,16,17,16,12,1,10,12,2,13,
2,4,2,6,8,6,8,8,8,6,8,5,10,10,3,4,4,4,2,4,
2,3,4,4,4,5,5,5,3,2,1,5,3,6,5,4,2,1,6,2,
7,6,4,7,5,3,5,7,4,9,5,6,8,6,2,7,5,4,1,5,
2,4,2,2,4,1,3,5,2,3,3,2,3,5,5,3,3,4,2,4,
4,5,2,2,4,4,3,4,5,2,4,4,5,3,4,6,5,4,1,3,
3,3,3,4,4,4,5,2,5,3,2,2,2,2,2,1,2,4,3,
8,8,8,8,11,6,5,9,10,8,7,1,2,5,2,4,2,5,1,
10,7,10,12,10,10,5,6,11,8,7,11,8,10,5,4,4,4,4,
3,5,3,6,6,4,6,6,4,5,4,6,4,4,6,2,7,4,3,
1,4,3,3,3,
6,5,6,1,5,6,4,4,3,4,5,3,4,3,5,6,5,5,4,
1,3,4,2,5,5,4,4,4,3,2,4,5,6,3,5,4,3,1,
8,6,3,6,1,5,8,2,4,8,10,9,10,4,10,3,6,9,8,
9,9,9,9,9,9,9,8,9,10,9,8,8,8,7,7,8,8,7,
1,4,3,1,3,1,2,3,2,3,2,2,1,1,3,2,2,3,3,
3,4,2,5,6,4,4,3,3,3,3,3,3,4,2,2,4,2,2,
3,3,2,3,5,4,4,5,2,4,3,3,3,4,5,2,4,1,
3,2,2,3,3,2,2,3,5,3,2,3,1,4,3,2,3,2,
5,4,5,4,6,6,4,6,5,6,6,3,6,6,6,7,6,5,
5,5,6,3,7,5,2,3,7,5,9,5,3,3,1,4,2,3,
7,9,3,2,11,11,7,4,12,10,11,7,3,1,6,9,7,8,
3,5,5,7,5,7,6,2,4,7,4,7,5,7,2,1,4,3,
3,1,4,4,3,2,3,5,6,2,6,4,5,6,5,3,3,5,
3,6,5,5,6,7,5,6,6,7,1,6,6,8,5,7,8,5,
4,4,9,4,4,7,7,7,5,6,6,7,6,6,7,7,7,5,
2,2,2,1,5,5,4,6,6,9,4,6,3,6,6,2,3,2,
3,3,4,3,4,3,2,3,5,7,8,7,1,5,6,5,3,4,
3,3,4,3,3,3,4,2,3,3,3,3,3,3,1,4,2,4,
8,6,9,7,4,10,8,8,7,5,4,4,2,3,3,3,9,10,
1,4,3,3,3,4,5,3,2,3,5,3,5,3,2,3,3,3,
8,7,4,8,3,9,3,7,8,6,8,4,8,4,1,2,8,2,
2,3,3,2,4,2,1,4,4,4,4,3,2,1,1,2,2,
4,4,5,7,3,4,4,6,3,3,4,3,5,4,5,3,1,
1,4,4,6,6,3,1,7,7,9,9,4,5,6,10,9,7,
3,2,6,6,1,3,4,5,2,7,5,7,4,4,4,3,4,
3,1,3,6,5,6,5,7,4,9,6,5,4,4,7,6,5,
3,4,5,7,4,7,7,6,5,5,5,5,6,5,4,2,2,
1,4,3,3,4,4,7,8,7,7,9,4,4,9,2,2,6,
1,4,3,5,4,5,5,5,4,5,4,5,2,3,4,2,3,
3,2,4,6,5,3,2,4,3,2,3,3,3,2,3,1,3,
6,5,6,8,12,10,10,6,9,7,7,4,10,7,9,9,1,
4,4,3,4,5,6,4,4,4,4,5,4,2,4,6,4,3,
2,8,7,7,10,7,6,6,10,2,6,7,3,6,3,2,
5,1,6,6,4,6,2,4,7,4,6,7,5,5,5,3,
7,10,7,10,9,6,11,12,8,7,8,5,10,1,2,11,
2,3,2,7,5,4,5,8,11,9,8,5,5,7,4,7,
3,3,3,4,5,4,6,3,6,6,4,2,3,4,3,1,
3,3,3,2,2,2,3,3,4,4,3,3,3,2,2,4,
2,2,2,2,5,5,4,4,7,1,3,2,4,5,
8,8,8,6,8,1,7,5,4,8,12,5,10,10,8,8,
7,3,4,3,3,7,6,3,5,3,5,6,7,6,3,3,
7,13,12,12,13,13,10,12,12,11,11,7,8,13,13,1,
1,2,8,11,11,11,9,9,10,11,13,7,13,13,10,7,
3,4,5,5,5,6,4,4,2,3,4,2,2,2,2,1,
3,2,4,2,6,4,5,7,5,3,7,3,4,4,3,4,
5,3,4,1,5,4,5,4,5,7,5,3,5,4,4,2,
2,1,5,4,4,5,5,3,3,2,3,2,2,2,1,
1,6,3,5,5,6,4,5,3,1,5,3,2,3,2,
3,6,4,6,4,4,6,4,3,3,4,3,4,3,1,
8,1,4,4,11,11,11,11,12,11,10,11,11,12,10,
3,3,5,4,6,6,3,4,5,6,6,4,5,4,4,
5,7,6,6,7,7,5,5,6,2,6,7,5,5,5,
1,3,6,4,5,6,4,3,4,3,5,2,1,2,3,
1,2,3,3,2,3,3,1,1,3,3,1,2,2,2,
1,2,5,4,3,2,4,3,3,5,4,3,3,2,2,
5,4,5,3,6,2,4,7,5,6,6,5,7,5,4,
4,4,4,4,5,5,4,4,4,5,2,6,4,3,2,
2,4,2,4,3,3,5,3,3,3,3,3,4,4,4,
7,8,5,6,7,4,10,9,8,11,7,2,6,5,1,
2,1,2,2,2,2,1,3,3,2,5,2,4,3,2,
3,1,1,4,4,6,3,4,7,7,2,2,4,2,4,
1,1,3,3,5,3,2,6,2,3,4,4,3,2,2,
3,1,5,6,2,6,5,7,7,3,6,5,4,2,
2,1,3,2,4,2,5,2,2,1,4,2,3,3,
8,6,5,7,6,4,4,7,4,4,4,4,4,3,
1,2,5,6,3,5,7,5,3,3,6,4,5,5,
11,11,11,11,11,11,11,11,11,11,12,1,2,11,
1,5,5,8,9,8,10,8,10,6,5,4,8,5,
3,6,4,5,2,3,4,4,6,5,4,2,1,1,
10,12,10,10,12,4,4,11,10,1,10,10,10,10,
3,1,4,6,3,4,5,5,6,6,6,4,2,3,
3,9,10,11,11,10,8,9,9,10,9,2,1,6,
1,2,3,4,2,1,3,2,2,3,3,3,1,2,
8,2,5,1,7,7,7,8,5,7,5,7,4,3,
1,2,1,2,2,
3,2,3,3,3,4,4,3,5,3,5,4,3,3,
2,3,1,3,2,4,3,3,4,4,4,4,3,4,
6,5,1,10,9,9,10,9,6,10,9,6,10,6,
1,5,5,2,4,4,4,5,5,3,3,2,2,1,
3,1,2,4,3,4,5,5,6,5,6,5,5,2,
8,8,7,6,8,8,4,8,8,8,5,4,4,4,
1,4,6,4,9,8,2,9,5,3,5,8,6,4,
1,3,7,4,5,4,5,4,5,3,3,3,1,4,
2,3,3,2,2,1,2,1,1,3,4,3,1,2,
1,2,1,6,6,6,4,5,5,5,7,6,6,4,
7,9,8,12,9,12,7,12,10,10,10,8,7,1,
3,2,3,2,3,1,2,2,2,1,2,3,2,2,
2,2,3,3,3,4,3,3,2,3,2,4,3,1,
2,5,2,2,5,2,5,6,3,5,5,5,3,
4,4,3,7,4,6,3,5,4,6,5,5,4,
2,2,4,3,3,2,6,3,3,6,1,2,1,
4,4,7,6,1,6,4,4,3,2,1,6,6,
4,2,6,7,9,9,3,8,6,1,7,7,7,
10,10,10,10,10,10,2,1,11,10,10,10,10,
3,2,2,3,1,2,2,1,3,2,2,2,3,
3,2,3,1,2,1,4,3,2,2,3,2,4,
6,4,5,3,3,4,4,3,6,4,5,2,1,
5,5,5,5,5,6,4,4,6,5,6,4,4,
1,5,7,7,10,9,10,8,2,7,6,7,9,
1,5,5,4,6,6,3,5,6,4,4,1,4,
1,1,4,2,4,5,6,4,6,4,1,3,1,
5,6,4,6,4,1,5,5,3,3,4,2,6,
1,2,2,2,2,3,2,3,2,2,1,2,2,
4,6,5,4,5,5,3,3,6,2,5,3,1,
5,5,5,2,5,5,3,6,3,2,3,2,2,
3,3,5,3,1,1,2,3,4,5,5,3,4,
3,4,3,7,2,1,5,4,7,5,6,5,6,
1,11,11,11,11,11,11,11,11,12,11,11,11,
3,8,10,10,8,8,10,10,8,7,10,1,9,
3,3,4,3,1,3,4,3,4,5,2,2,1,
6,8,8,8,5,7,6,6,9,4,3,3,3,
7,8,8,7,8,8,7,8,2,1,2,6,2,
1,2,3,3,3,4,1,4,4,2,3,4,2,
7,9,7,8,3,6,6,8,2,8,7,1,
2,3,3,3,4,4,3,3,2,2,4,3,
3,5,5,5,4,5,3,6,5,5,5,5,
1,2,2,3,4,3,2,1,3,2,2,1,
2,4,5,3,4,3,3,3,4,4,1,4,
1,3,5,1,4,5,3,6,5,6,4,3,
1,3,5,5,3,7,4,6,3,2,1,6,
2,4,4,2,3,3,4,2,3,5,3,3,
3,3,4,3,2,3,3,3,3,2,1,2,
2,1,4,3,2,5,3,3,4,6,1,2,
1,3,3,4,7,6,6,6,6,2,6,6,
2,2,1,2,1,5,2,3,4,2,3,1,
6,5,1,2,7,6,7,6,6,3,2,5,
1,2,2,3,2,2,2,1,2,3,3,3,
5,4,3,2,5,6,5,1,2,3,4,2,
2,1,2,2,1,2,4,1,3,3,3,2,
7,3,2,1,6,6,5,7,2,6,5,6,
4,4,3,4,2,2,4,2,3,3,4,1,
1,2,2,3,1,2,2,3,3,2,1,2,
11,10,10,10,10,10,10,10,10,10,10,1,
1,8,10,9,10,9,6,9,8,10,10,10,
1,2,2,4,2,3,5,5,5,4,4,1,
2,3,5,3,3,3,3,2,2,1,1,4,
4,3,3,3,8,7,7,7,7,7,7,7,
4,5,3,3,3,4,5,6,3,4,3,3,
1,2,6,4,4,3,5,4,2,4,3,2,
6,7,3,5,6,5,5,6,9,1,7,4,
5,5,4,4,5,5,4,6,1,4,5,4,
2,2,2,1,2,3,5,3,1,1,2,
3,4,2,3,5,5,2,1,2,2,3,
4,3,1,1,5,5,6,3,3,1,4,
5,5,4,5,4,6,5,3,4,3,4,
1,5,3,2,1,5,4,2,2,1,2,
3,5,2,4,1,3,4,3,3,4,2,
5,2,3,4,6,3,3,5,3,4,2,
2,3,4,2,4,2,2,4,3,3,3,
2,2,4,3,3,2,3,3,3,3,4,
8,7,8,6,1,2,7,6,8,8,7,
1,1,2,3,1,2,2,3,3,2,2,
5,7,3,5,7,6,4,4,3,2,2,
2,2,3,4,4,2,2,4,3,3,5,
1,1,1,3,3,1,4,2,2,2,2,
2,1,3,2,2,3,2,2,2,3,2,
4,4,3,5,5,3,4,2,4,4,4,
1,2,4,3,3,3,2,2,1,3,2,
2,2,3,3,4,2,2,3,2,2,3,
4,4,5,5,3,3,6,3,1,3,3,
2,2,5,4,4,4,2,4,1,2,2,
2,2,1,4,2,3,4,3,4,2,1,
2,1,2,4,1,3,4,2,1,4,2,
6,6,4,5,4,7,1,6,4,6,1,
3,7,6,5,5,6,6,1,2,2,5,
3,3,3,5,3,2,2,2,2,1,
1,2,4,2,4,2,3,3,1,2,
2,2,6,2,1,5,5,6,4,3,
4,2,3,5,3,4,3,5,1,2,
2,4,4,4,3,3,3,4,1,4,
2,5,5,6,4,5,4,3,1,1,
1,2,3,4,2,3,3,2,1,3,
2,3,2,2,4,4,3,2,3,3,
1,2,4,3,1,4,3,2,2,2,
2,2,4,3,2,2,1,3,3,2,
1,3,4,1,3,1,4,4,3,2,
2,7,5,6,7,7,4,6,5,1,
3,2,4,3,3,6,1,4,1,3,
6,6,8,7,8,8,7,5,6,1,
2,1,2,2,1,3,3,1,4,1,
2,2,3,3,3,3,4,2,2,2,
3,2,3,4,5,3,3,3,2,4,
6,5,5,6,4,4,4,3,4,1,
3,3,4,4,3,2,5,3,4,3,
2,1,2,2,3,1,3,2,2,2,
2,1,1,2,2,2,3,2,2,1,
3,5,6,6,5,1,5,3,6,4,
1,2,1,2,3,3,4,1,3,2,
4,3,4,5,5,3,5,3,3,5,
5,1,5,5,7,7,2,5,4,7,
1,2,1,2,5,4,2,3,1,3,
5,3,4,5,3,2,3,2,4,1,
2,3,4,1,3,3,4,3,2,1,
5,5,7,5,7,6,1,5,4,5,
2,5,3,6,3,4,2,4,1,4,
2,4,6,5,4,2,3,1,4,5,
3,3,3,2,3,3,3,5,2,3,
1,4,5,4,4,3,5,4,2,2,
4,1,3,3,3,5,3,5,2,3,
1,1,3,2,1,2,3,3,1,1,
5,5,4,6,5,7,7,4,1,2,
3,2,1,4,5,2,5,2,3,3,
2,4,3,2,3,1,3,3,4,3,
1,8,7,7,7,7,7,7,7,
4,4,5,4,5,7,3,3,1,
3,6,5,4,5,4,2,1,2,
7,7,6,7,7,6,1,6,7,
1,5,3,4,4,2,3,2,2,
2,2,3,1,3,1,4,3,3,
6,5,2,6,6,3,5,1,4,
2,3,3,3,2,4,2,2,3,
6,6,5,6,7,6,6,3,1,
2,2,3,2,2,2,2,1,2,
2,3,4,3,5,3,2,1,5,
1,4,2,1,4,1,2,3,2,
1,5,8,5,7,4,7,6,5,
1,5,4,3,4,5,3,2,3,
1,2,4,3,4,4,5,1,2,
4,4,4,1,3,1,4,1,2,
6,1,5,1,5,6,5,5,6,
2,3,3,3,2,2,4,1,2,
4,1,3,3,4,3,2,5,3,
2,3,3,2,2,3,1,1,3,
2,3,1,3,4,3,5,3,4,
1,1,1,3,1,3,2,2,2,
2,2,3,4,2,3,4,3,1,
2,3,3,2,3,1,4,2,2,
1,2,2,5,5,5,5,6,5,
2,3,2,3,3,2,2,2,3,
2,1,3,3,4,2,4,4,3,
3,3,4,3,2,1,3,2,3,
2,2,3,4,2,2,2,3,4,
1,1,2,3,3,1,3,2,2,
2,2,4,1,4,2,3,1,1,
3,3,3,3,2,3,4,4,3,
1,2,4,3,3,3,3,1,2,
3,2,3,2,3,3,3,2,1,
3,3,1,2,2,4,1,2,2,
3,3,1,1,1,4,4,3,2,
4,6,3,5,6,5,4,4,1,
3,3,3,4,3,2,3,3,4,
2,2,5,1,3,4,2,2,1,
1,2,6,4,6,6,6,5,4,
1,1,2,3,3,1,1,2,2,
2,4,3,3,1,3,2,3,3,
3,5,3,5,4,2,3,2,1,
1,5,6,6,7,7,4,5,5,
3,3,4,3,2,3,1,1,4,
1,4,3,3,6,2,2,2,1,
2,3,2,1,2,2,2,3,3,
5,6,6,6,6,2,6,1,6,
2,4,3,3,4,3,4,2,1,
2,5,3,2,3,3,1,2,3,
2,2,2,1,3,4,4,3,3,
2,3,2,2,5,5,4,4,3,
1,3,7,5,6,6,5,7,4,
2,1,1,2,3,3,2,3,1,
3,1,6,4,3,4,4,1,2,
3,4,3,3,3,2,3,4,3,
2,3,1,2,2,4,3,2,1,
1,2,2,2,3,2,2,3,1,
2,2,2,3,3,3,3,2,
5,5,5,6,1,4,4,2,
2,2,3,1,3,3,3,3,
1,4,4,4,4,1,4,2,
4,2,4,2,4,1,4,1,
2,1,4,3,3,5,3,3,
1,2,1,1,2,3,3,1,
3,4,3,3,3,2,3,1,
1,2,2,4,2,2,1,2,
3,2,3,2,2,2,1,3,
1,2,4,3,4,4,3,1,
1,2,5,5,3,4,4,6,
1,3,3,4,3,1,2,1,
3,1,2,3,3,1,2,3,
1,1,2,3,2,3,2,2,
2,3,2,3,2,2,1,3,
1,3,4,5,4,1,2,4,
4,6,6,4,5,7,5,1,
1,3,3,1,2,2,1,1,
2,2,1,3,3,1,3,1,
3,5,4,6,4,5,4,1,
4,4,3,3,4,1,4,1,
6,6,6,6,6,6,7,1,
2,4,4,2,1,2,4,5,
3,1,2,2,3,2,1,2,
2,4,3,4,4,2,4,1,
3,4,6,5,1,4,5,4,
2,3,3,3,3,4,3,1,
3,3,3,2,1,3,3,2,
3,1,5,4,4,4,3,2,
2,1,3,2,2,2,2,2,
2,2,2,1,1,2,2,2,
3,3,2,2,1,3,1,3,
2,2,2,2,3,2,2,1,
1,2,3,2,5,2,2,1,
2,2,2,3,3,3,1,2,
1,4,2,2,4,3,1,3,
1,2,1,3,4,3,2,4,
4,3,3,2,2,3,3,2,
3,4,3,3,4,3,2,2,
6,6,7,6,1,6,6,6,
1,1,2,3,1,3,2,1,
2,1,4,4,1,5,5,4,
1,2,2,2,2,2,2,1,
1,2,2,2,2,4,2,3,
2,2,3,2,4,4,1,2,
1,2,3,4,3,3,4,2,
3,3,4,3,4,3,3,3,
1,2,2,1,2,1,1,4,
6,1,6,6,6,6,7,6,
1,1,4,1,2,2,4,1,
1,2,3,3,4,4,3,2,
1,2,2,2,2,4,3,2,
2,2,1,1,3,2,1,2,
1,3,3,2,2,3,1,1,
1,2,4,1,2,3,2,1,
3,4,3,3,2,2,2,1,
1,3,5,3,1,2,2,1,
2,5,3,3,2,3,4,4,
3,5,2,3,4,3,1,1,
3,1,1,4,2,1,3,3,
3,4,4,4,6,2,2,1,
2,3,3,1,1,2,2,4,
2,2,4,4,3,4,1,4,
1,2,2,2,3,3,4,1,
2,3,2,2,2,3,3,1,
1,6,4,5,4,6,4,6,
2,1,2,2,1,3,1,
1,2,3,2,1,2,3,
2,3,2,3,1,1,2,
2,1,2,2,2,2,1,
3,4,4,4,2,1,2,
3,3,2,1,1,3,5,
4,2,3,3,1,2,3,
3,3,3,1,3,1,2,
1,2,3,2,1,2,1,
2,4,4,5,4,4,1,
4,3,4,4,1,1,3,
1,2,4,3,5,3,4,
1,2,3,2,2,2,2,
2,2,2,2,4,3,1,
2,3,1,2,1,2,1,
1,2,2,5,3,3,4,
2,2,3,3,3,4,3,
2,3,2,1,1,1,2,
1,2,2,3,3,2,1,
1,2,4,4,1,3,3,
5,5,6,5,5,5,1,
1,1,2,3,2,2,1,
5,4,5,5,1,4,4,
1,4,4,4,3,3,1,
1,2,2,4,2,2,3,
4,2,2,2,4,1,1,
1,3,2,2,2,2,2,
1,2,2,2,2,2,1,
2,2,3,2,3,2,2,
1,2,4,2,2,2,3,
1,4,3,3,1,2,4,
5,5,1,5,6,5,5,
3,3,2,3,2,3,4,
1,2,1,2,2,2,2,
3,2,1,3,2,3,2,
1,3,4,3,3,1,3,
2,2,4,3,1,3,1,
3,2,2,4,2,4,1,
1,2,2,2,2,2,1,
2,1,3,3,2,1,2,
4,4,3,2,4,4,1,
3,2,1,3,2,2,1,
1,2,2,4,3,2,2,
1,4,3,3,2,2,1,
2,2,3,3,4,1,1,
3,2,2,3,3,2,3,
3,2,2,2,3,1,1,
3,4,3,3,1,2,2,
2,3,2,1,2,1,3,
1,3,2,2,1,2,1,
4,4,5,5,1,6,3,
1,2,3,3,2,1,2,
1,2,3,2,2,1,1,
1,3,2,1,2,1,2,
4,4,5,5,1,1,4,
1,3,3,1,1,2,3,
1,2,2,2,2,2,1,
1,2,2,2,2,1,2,
2,2,2,5,3,1,1,
1,1,2,5,3,3,3,
1,4,2,3,4,3,1,
1,2,3,3,2,1,2,
1,2,5,3,2,4,3,
2,2,1,3,2,1,1,
1,2,5,4,4,4,4,
1,3,1,3,2,2,2,
2,3,2,2,2,2,1,
2,2,3,3,2,3,1,
2,1,2,2,2,2,1,
4,4,3,2,1,3,3,
4,4,5,6,5,3,1,
1,4,2,2,2,2,1,
1,3,3,3,3,1,2,
1,2,2,2,4,2,1,
3,2,4,4,3,1,1,
1,4,1,3,4,4,3,
3,2,2,2,3,3,3,
3,2,1,1,4,2,3,
2,3,2,2,2,2,1,
2,3,3,3,4,2,1,
1,3,5,4,2,4,3,
1,2,3,3,3,2,
3,2,1,1,2,1,
1,3,2,2,2,2,
1,2,2,2,1,2,
1,3,2,3,1,2,
3,1,3,4,4,3,
1,1,3,2,1,2,
1,4,4,5,4,4,
2,3,2,1,3,1,
1,1,2,2,2,4,
1,4,4,4,4,5,
2,2,3,2,2,1,
1,3,2,3,2,1,
1,3,1,2,2,3,
1,2,3,4,3,1,
2,3,2,2,2,3,
1,4,3,3,3,2,
2,3,2,3,2,2,
2,4,4,3,4,1,
1,2,4,3,1,3,
1,1,2,2,2,2,
1,2,2,2,1,2,
3,2,3,1,2,1,
3,2,2,1,1,3,
2,2,3,2,2,3,
2,1,2,3,3,3,
1,2,2,2,1,2,
3,1,5,2,4,3,
2,2,1,1,2,2,
3,3,4,3,1,2,
4,1,4,3,3,3,
3,2,2,3,2,2,
1,1,2,2,2,2,
1,2,3,3,3,4,
3,2,3,1,3,4,
2,2,1,2,4,1,
2,2,2,1,3,2,
1,2,3,1,2,1,
1,4,4,4,5,4,
1,1,2,2,3,1,
2,3,4,4,1,4,
2,3,4,1,2,2,
1,2,2,2,2,1,
1,4,1,1,2,1,
3,3,3,1,2,4,
2,1,2,3,1,3,
1,2,2,2,1,2,
1,2,2,2,2,1,
1,4,4,2,4,3,
1,1,3,2,1,2,
1,3,3,2,2,1,
1,2,3,2,3,1,
2,1,2,1,2,2,
2,2,1,2,2,1,
1,1,3,2,1,2,
1,2,3,4,3,3,
2,3,3,2,2,2,
1,2,2,2,2,1,
3,3,4,2,1,3,
1,2,1,2,2,2,
2,1,3,3,3,2,
3,3,5,4,1,2,
1,2,1,2,2,2,
1,2,2,1,3,3,
1,4,5,3,4,3,
1,4,2,3,4,2,
2,1,3,2,3,1,
3,2,2,4,1,2,
1,1,3,3,2,2,
1,1,2,2,2,2,
2,3,3,3,2,1,
2,3,1,4,2,2,
2,2,3,2,1,2,
3,3,1,3,2,4,
1,2,5,3,3,2,
4,3,4,4,4,1,
2,2,1,2,2,1,
2,2,2,2,1,1,
1,2,2,2,2,1,
2,1,2,2,1,2,
1,3,3,2,1,
3,4,3,3,1,
1,1,3,2,1,
3,1,1,2,3,
3,1,3,1,2,
2,1,3,1,1,
2,2,2,1,1,
2,2,3,1,2,
3,3,4,1,3,
1,2,3,2,2,
2,3,2,2,1,
1,2,2,3,2,
1,2,2,3,2,
1,3,2,3,1,
2,1,3,2,2,
1,2,3,2,2,
2,2,2,1,1,
1,3,1,1,2,
3,3,4,1,3,
3,3,3,1,4,
2,3,3,1,3,
1,2,3,2,2,
1,3,2,1,1,
1,2,1,2,2,
1,3,3,3,4,
1,3,3,3,2,
2,1,2,3,2,
1,4,3,3,3,
1,1,2,2,2,
1,2,2,2,1,
2,2,3,2,1,
1,1,2,2,2,
2,3,1,2,2,
4,3,1,3,3,
2,1,2,2,1,
3,3,3,4,1,
1,2,2,2,1,
2,1,3,1,3,
2,1,2,2,1,
1,2,2,2,3,
1,1,1,2,3,
3,1,1,1,2,
1,1,2,2,2,
1,2,2,3,2,
2,2,3,2,1,
2,1,3,2,2,
1,2,2,1,2,
1,4,3,3,3,
1,2,2,2,1,
2,1,2,2,1,
1,1,2,2,2,
2,3,3,3,1,
3,3,1,2,3,
1,2,1,2,2,
2,1,2,2,1,
2,3,2,2,1,
1,1,2,2,2,
3,3,3,4,1,
3,2,4,2,1,
1,3,3,4,3,
1,2,4,1,2,
1,2,3,3,3,
3,2,2,2,1,
1,2,2,1,2,
