2,3,16,6,9,31,13,13,21,19,17,26,22,32,8,18,30,7,38,9,2,17,20,11,35,43,20,32,8,31,21,19,21,7,16,38,20,34,7,34,33,22,26,5,9,39,11,7,18,43,23,37,17,29,17,36,26,27,39,7,41,19,6,40,33,13,36,12,14,21,32,21,25,24,30,36,55,18,31,31,8,42,37,33,13,14,32,48,21,5,54,7,15,11,22,32,17,20,36,7,44,54,22,41,13,25,44,11,18,28,33,19,17,28,21,10,16,36,45,24,11,33,29,37,25,12,8,28,32,26,30,28,11,28,14,23,23,18,26,20,26,17,21,44,8,
3,4,2,1,2,1,6,6,3,7,2,5,5,2,1,7,2,6,6,3,7,2,7,1,7,5,4,5,4,5,4,2,6,2,3,2,3,7,7,6,4,5,6,5,4,6,3,4,4,2,2,4,3,6,3,4,6,4,4,4,4,6,4,4,1,4,5,4,1,2,3,3,4,1,4,
54,47,27,36,54,44,33,31,37,51,1,43,43,53,55,44,43,51,51,47,55,53,51,43,31,46,51,33,54,47,52,36,51,42,40,50,55,50,43,43,46,51,54,48,39,51,53,47,33,53,43,24,52,51,41,29,35,35,
3,7,2,10,12,14,12,13,3,2,6,3,10,7,10,4,10,8,14,11,5,15,12,15,12,15,13,5,9,8,4,10,17,11,11,5,8,10,10,9,10,10,6,5,4,3,5,2,4,4,5,10,9,
3,3,5,3,5,1,4,3,7,7,3,9,8,6,3,3,5,5,8,5,7,3,6,6,5,9,4,7,5,3,7,3,4,1,2,5,7,5,5,4,3,2,1,4,5,8,7,9,5,5,4,3,
7,5,11,11,6,4,6,5,4,3,2,5,5,6,6,7,8,8,4,7,13,3,9,14,8,7,5,6,15,6,7,14,5,8,8,7,4,4,5,4,4,3,5,7,3,6,6,3,5,1,15,
4,3,2,3,7,5,8,1,4,9,6,10,4,8,8,6,8,10,7,7,5,4,7,11,7,1,8,6,8,10,9,11,1,5,12,8,5,4,8,6,9,7,8,6,6,8,
8,9,10,9,6,20,18,15,13,22,7,16,20,23,17,14,11,13,20,15,19,19,11,10,6,1,8,9,12,11,7,9,10,7,8,7,14,18,22,21,11,17,13,14,6,
1,3,8,9,9,7,11,9,5,5,9,5,5,6,8,6,8,5,5,3,5,7,5,9,5,6,7,5,7,5,4,7,5,10,4,6,6,2,4,4,3,7,8,3,5,
3,2,3,2,4,3,4,2,1,3,3,5,4,2,4,3,7,6,5,6,3,9,10,6,7,12,9,7,5,8,10,7,9,4,10,8,8,4,4,6,3,4,6,4,3,
4,5,7,3,3,8,6,8,6,10,5,7,6,6,4,8,6,6,2,4,5,7,5,3,1,2,4,1,5,5,4,4,2,6,2,2,4,3,5,5,3,1,3,2,
2,4,4,7,7,7,7,5,8,12,11,11,7,8,6,5,10,7,9,10,4,6,9,9,7,6,6,6,4,7,6,3,3,3,7,5,6,5,5,1,5,
1,2,1,1,3,3,7,5,7,3,6,5,9,9,5,9,8,6,6,2,8,2,5,3,5,5,3,7,4,4,4,7,3,1,6,5,6,6,
2,4,2,4,5,7,2,7,4,4,5,9,5,7,5,6,5,7,8,3,13,5,9,8,11,7,4,7,7,8,5,6,10,13,10,11,11,
10,3,4,5,6,5,7,4,12,2,6,9,12,2,2,9,6,10,1,6,3,6,5,5,5,6,11,12,5,9,6,11,10,10,9,
5,3,5,2,1,5,2,4,4,6,3,6,6,1,6,7,8,3,6,8,5,3,6,3,1,4,3,3,5,4,5,4,3,6,8,
1,1,2,5,3,1,2,6,6,3,5,3,3,2,6,2,6,4,4,5,5,4,4,5,4,4,4,2,2,2,2,2,1,3,
2,3,2,2,3,4,5,3,3,5,7,7,4,9,6,6,4,7,3,8,6,4,8,7,5,2,4,8,3,6,1,3,4,
5,4,4,6,7,3,6,8,4,4,1,6,3,5,5,2,3,1,3,2,4,7,6,5,1,2,7,3,2,3,4,6,
5,7,4,5,1,8,10,5,8,10,13,8,4,4,3,2,7,12,11,7,5,8,7,9,4,7,16,9,9,6,5,9,
1,2,4,2,1,2,4,4,3,2,5,2,3,7,3,2,3,5,2,3,4,1,4,4,3,3,4,5,4,
1,2,4,5,4,2,3,1,3,4,4,5,4,2,6,2,4,4,2,4,5,3,5,1,4,2,4,4,
3,3,8,9,6,7,7,7,6,8,5,5,6,5,4,7,8,2,5,3,3,3,3,2,2,1,
1,9,2,2,14,17,12,16,16,18,12,11,9,17,17,11,19,17,8,17,17,15,14,11,16,
1,2,4,3,4,2,7,5,3,4,3,6,7,4,2,4,2,2,7,5,4,3,5,5,
2,5,6,3,8,4,6,5,6,2,8,5,2,3,3,7,3,3,4,3,4,2,5,5,
1,3,5,3,7,7,5,4,6,6,6,6,4,3,9,4,7,4,5,7,4,4,3,3,
5,7,6,11,9,11,8,10,7,8,9,5,3,5,5,6,4,6,8,7,6,4,2,10,
3,4,3,5,5,2,3,4,3,3,7,3,4,4,3,3,2,3,4,3,2,5,
3,4,3,4,5,3,6,7,4,7,7,5,2,7,3,4,2,6,2,3,5,6,
9,10,11,12,12,13,9,9,11,4,12,12,8,11,6,6,6,6,6,6,5,
3,5,5,5,5,3,5,2,4,2,6,4,5,7,7,2,2,2,3,1,2,
1,1,4,3,5,3,5,5,5,7,3,5,4,1,1,3,2,2,3,5,
2,2,2,3,3,3,2,2,1,2,4,1,2,3,3,2,2,1,2,2,
1,3,3,5,4,5,6,9,8,10,10,8,8,8,6,6,4,4,6,4,
3,6,5,5,5,3,2,3,6,5,5,6,5,2,4,2,4,4,2,3,
1,3,3,4,4,3,2,6,7,2,6,2,4,1,2,1,1,3,2,3,
2,3,3,3,6,5,5,5,3,4,4,5,2,5,4,3,1,2,1,2,
3,5,7,9,7,8,9,6,10,10,7,5,2,3,3,3,5,3,3,
1,2,4,3,3,3,2,2,4,1,4,2,6,4,2,1,2,2,2,
1,6,8,8,5,8,5,11,6,14,7,11,12,8,10,8,8,8,4,
6,7,13,11,12,13,14,1,2,14,13,2,13,13,14,12,11,8,9,
1,7,4,6,5,2,4,5,4,8,4,4,3,2,4,6,5,4,
7,6,8,7,9,5,7,5,4,11,10,6,5,4,3,2,1,2,
1,5,5,7,6,3,6,5,5,5,3,4,3,2,3,1,2,4,
14,16,16,12,16,14,16,16,16,16,16,15,16,15,15,16,16,1,
4,7,5,9,6,1,6,3,3,3,6,9,4,6,3,3,2,
2,1,2,2,5,4,6,3,3,4,2,4,3,2,1,4,4,
1,2,2,3,2,1,2,3,3,2,3,3,1,2,2,3,1,
1,2,3,6,4,3,3,5,5,5,5,4,4,7,7,5,5,
2,2,1,6,4,7,8,8,3,7,8,6,7,8,7,1,3,
4,3,4,4,5,4,4,6,2,3,4,3,3,3,4,4,
2,1,6,5,6,8,6,9,5,8,4,3,5,6,3,5,
3,3,2,2,1,1,4,2,4,4,1,3,3,3,4,2,
1,4,2,3,4,5,3,4,6,2,5,5,4,3,3,4,
3,8,4,5,8,1,2,4,2,4,3,3,3,6,6,
4,7,5,4,4,6,7,5,4,4,2,3,1,5,5,
2,1,4,6,2,6,9,7,8,8,5,3,5,2,6,
2,2,1,1,3,3,2,2,2,2,1,3,1,3,
1,2,2,2,3,1,2,2,2,2,3,2,2,2,
2,3,2,6,3,5,2,4,4,3,1,1,2,2,
3,3,3,3,1,4,4,2,5,4,1,4,2,5,
2,2,3,6,3,4,2,1,1,1,4,3,2,
2,4,4,4,5,4,3,3,2,4,3,1,3,
3,6,4,6,7,7,7,6,5,3,1,2,1,
5,3,2,4,3,4,1,4,1,2,1,1,1,
8,8,10,10,11,10,1,7,11,8,6,11,7,
1,5,6,9,6,6,4,4,7,8,3,3,2,
2,5,4,4,3,5,5,3,2,3,3,3,2,
4,3,5,2,5,4,4,5,1,3,2,1,1,
1,5,8,10,4,9,6,7,7,5,7,7,
2,2,2,2,3,3,4,1,1,2,1,3,
1,2,1,1,3,3,3,3,2,3,2,2,
4,8,8,10,10,9,10,8,9,8,7,1,
2,4,3,5,2,3,3,4,4,1,5,4,
1,6,5,2,5,7,9,6,6,7,7,7,
4,2,6,4,6,3,2,4,5,2,2,
5,6,4,3,3,3,7,3,5,5,6,
1,2,2,2,3,2,4,3,2,2,1,
5,4,7,3,3,2,2,2,5,5,4,
3,4,2,6,6,6,6,6,4,1,4,
1,1,4,2,5,2,3,5,3,4,2,
2,3,4,3,5,6,3,1,3,3,1,
1,3,2,5,1,7,5,5,5,5,1,
1,2,4,6,4,3,3,4,4,4,3,
1,3,2,3,2,3,4,1,1,2,
3,4,2,2,4,3,2,3,4,1,
3,3,4,3,1,4,3,5,4,4,
3,3,3,1,2,3,3,3,2,3,
4,3,2,1,2,2,2,2,3,1,
4,5,6,4,7,3,4,1,4,6,
1,3,3,4,4,4,3,2,2,4,
5,3,5,5,6,3,2,2,2,3,
2,4,1,2,1,4,3,3,2,2,
5,8,6,8,5,7,6,6,8,1,
7,7,7,7,7,1,7,7,8,
2,4,2,3,2,3,3,3,2,
2,1,3,4,2,2,3,3,2,
2,2,4,3,5,2,4,1,1,
1,5,3,4,3,2,2,2,4,
5,3,1,7,3,7,6,5,5,
4,4,6,6,5,4,6,2,1,
5,6,5,2,5,2,5,5,1,
2,4,6,4,4,6,1,5,4,
1,2,3,3,2,1,1,3,
3,5,2,2,2,1,2,3,
1,2,2,3,3,2,2,1,
3,2,4,3,4,3,2,1,
1,3,2,3,1,3,3,2,
1,3,2,2,3,2,3,2,
1,2,3,4,2,1,1,2,
1,3,2,4,4,2,4,4,
1,4,4,2,4,5,2,4,
2,3,3,2,3,2,1,2,
1,2,4,3,2,3,3,4,
2,3,1,3,2,3,3,3,
2,2,3,3,2,1,3,
3,4,4,5,5,4,1,
2,3,3,3,2,1,2,
5,5,6,5,5,1,5,
1,2,4,1,2,2,2,
2,1,2,1,3,3,2,
1,2,3,3,4,1,2,
4,4,4,1,2,3,4,
3,3,1,1,2,4,4,
2,1,2,3,2,3,3,
3,3,2,3,3,2,2,
1,1,2,3,2,2,1,
4,4,4,4,1,3,2,
1,3,3,3,1,3,
1,2,3,3,1,2,
1,2,1,4,2,2,
2,1,2,3,2,2,
4,1,3,3,3,4,
2,4,3,2,4,1,
1,2,1,2,2,2,
2,4,4,4,3,1,
1,4,4,3,3,3,
1,1,3,2,1,2,
1,5,4,4,4,4,
2,3,2,4,1,2,
3,3,3,2,1,2,
1,2,3,3,1,
3,3,1,4,3,
2,3,3,3,1,
2,3,3,1,1,
1,3,2,1,1,
2,2,1,3,2,
2,2,1,1,2,
2,4,3,1,2,
1,2,2,2,3,
1,3,2,3,1,
1,2,3,2,2,
1,3,1,1,2,
3,3,3,4,1,
3,3,3,4,1,
1,2,2,3,2,
2,3,3,1,3,
2,1,2,2,3,
2,1,2,1,2,
3,3,3,4,1,
3,2,2,1,2,
2,2,2,1,1,
1,1,2,2,2,
1,1,2,2,2,
2,3,2,2,1,
1,2,3,2,4,
2,2,3,2,1,
1,2,2,2,1,
2,3,3,1,3,
2,2,3,1,
1,2,2,1,
2,2,1,3,
1,1,2,2,
1,2,2,1,
1,2,2,1,
1,2,1,2,
2,3,1,2,
1,1,1,3,
2,2,1,3,
1,2,2,1,
2,1,2,1,
1,2,2,1,
1,2,2,1,
1,2,2,1,
1,2,2,1,
1,2,2,1,
1,2,2,1,
1,2,2,1,
2,1,1,2,
2,2,3,1,
1,1,3,1,
1,1,3,1,
1,3,2,2,
2,1,2,1,
2,2,3,1,
1,1,2,2,
1,2,1,
1,1,2,
1,1,2,
1,2,1,
1,1,2,
1,2,1,
1,2,1,
1,2,1,
1,2,1,
1,2,1,
1,1,2,
1,1,2,
1,2,1,
1,1,2,
1,2,1,
1,2,1,
1,2,1,
1,1,2,
1,2,1,
1,1,2,
1,2,1,
1,2,1,
1,2,1,
1,1,2,
2,1,1,
2,1,1,
1,2,1,
2,1,1,
1,2,1,
2,1,1,
1,2,1,
2,1,1,
1,1,2,
1,2,1,
1,1,
1,1,
1,1,
1,1,
1,1,
1,1,
1,1,
1,1,
1,1,
1,1,
1,1,
1,1,
1,1,
1,1,
1,1,
1,1,
1,1,
1,1,
1,1,
1,1,
1,1,
1,1,
1,1,
1,1,
1,1,
1,1,
1,1,
1,1,
1,1,
1,1,
1,1,
1,1,
1,1,
1,1,
1,1,
1,1,
1,1,
1,1,
1,1,
1,1,
1,1,
1,1,
1,1,
1,1,
1,1,
1,1,
1,1,
1,1,
